6.765999999999999933e-05 1.281253065618833261e+03
6.891916411275331655e-05 1.304244128699442626e+03
7.020176148389927991e-05 1.327647306988169703e+03
7.150822821036384859e-05 1.351469967500836901e+03
7.283900850491106143e-05 1.375719612528099105e+03
7.419455484718001615e-05 1.400403878262502758e+03
7.557532813753291365e-05 1.425530537010854232e+03
7.698179785376610081e-05 1.451107499597531614e+03
7.841444221073760358e-05 1.477142810992261275e+03
7.987374832296534690e-05 1.503644640658155595e+03
8.136021237025132873e-05 1.530621299157717658e+03
8.287433976638801814e-05 1.558081243532492863e+03
8.441664533100464362e-05 1.586033079844066378e+03
8.598765346461128146e-05 1.614485566796626699e+03
8.758789832690078191e-05 1.643447626191322797e+03
8.921792401836869284e-05 1.672928341878309311e+03
9.087828476531344113e-05 1.702936958420795690e+03
9.256954510827914058e-05 1.733482883875787365e+03
9.429228009400546858e-05 1.764575692614560239e+03
9.604707547094985343e-05 1.796225126624198310e+03
9.783452788844806795e-05 1.828441097754890961e+03
9.965524509958161546e-05 1.861233692641361358e+03
1.015098461678203077e-04 1.894613175898903592e+03
1.033989616775103453e-04 1.928589993223787360e+03
1.053232339482800271e-04 1.963174767715400549e+03
1.072833172534351612e-04 1.998378282773406681e+03
1.092798780424190951e-04 2.034211503579560258e+03
1.113135951674128134e-04 2.070685586340045575e+03
1.133851601141517407e-04 2.107811881527426976e+03
1.154952772370386693e-04 2.145601938546897600e+03
1.176446639986315236e-04 2.184067525751047469e+03
1.198340512135886456e-04 2.223220629859514702e+03
1.220641832971534451e-04 2.263073447982318612e+03
1.243358185182636875e-04 2.303638390999277362e+03
1.266497292573710702e-04 2.344928087082513684e+03
1.290067022690590177e-04 2.386955368580177037e+03
1.314075389495474771e-04 2.429733259317841203e+03
1.338530556091765728e-04 2.473275004797535075e+03
1.363440837499606284e-04 2.517594079309602876e+03
1.388814703483080045e-04 2.562704189756726464e+03
1.414660781430021098e-04 2.608619278058197324e+03
1.440987859285418934e-04 2.655353518065748176e+03
1.467804888539415943e-04 2.702921324406282110e+03
1.495120987270907398e-04 2.751337359272640242e+03
1.522945443247789108e-04 2.800616536521499256e+03
1.551287717084898449e-04 2.850774025637895647e+03
1.580157445460723758e-04 2.901825251890374602e+03
1.609564444393979312e-04 2.953785900408428915e+03
1.639518712581159896e-04 3.006671924213380407e+03
1.670030434796201458e-04 3.060499548774005689e+03
1.701109985353416610e-04 3.115285276440116832e+03
1.732767931634873217e-04 3.171045874747236667e+03
1.765015037683416270e-04 3.227798352392402649e+03
1.797862267862560643e-04 3.285559997178996127e+03
1.831320790584491261e-04 3.344348387312929390e+03
1.865401982107444344e-04 3.404181395996782612e+03
1.900117430403757768e-04 3.465077194685116865e+03
1.935478939099907563e-04 3.527054247302634394e+03
1.971498531489863861e-04 3.590131320072416656e+03
2.008188454623146472e-04 3.654327491798409028e+03
2.045561183468949174e-04 3.719662158773451665e+03
2.083629425157765475e-04 3.786155038985218653e+03
2.122406123301949184e-04 3.853826147287099502e+03
2.161904462396683471e-04 3.922695787483921777e+03
2.202137872302848396e-04 3.992784592828128098e+03
2.243120032813322403e-04 4.064113533705489772e+03
2.284864878304256530e-04 4.136703922670609245e+03
2.327386602472911051e-04 4.210577409675254785e+03
2.370699663163670283e-04 4.285755958114758869e+03
2.414818787283860499e-04 4.362261876294719514e+03
2.459758975811060142e-04 4.440117831188497803e+03
2.505535508893592337e-04 4.519346853609044047e+03
2.552163951045941198e-04 4.599972339961685066e+03
2.599660156440853492e-04 4.682018015597514932e+03
2.648040274299928417e-04 4.765507950380439979e+03
2.697320754384526431e-04 4.850466592766046233e+03
2.747518352588867400e-04 4.936918775612974059e+03
2.798650136637211602e-04 5.024889720984666383e+03
2.850733491887075168e-04 5.114404996999078321e+03
2.903786127240432055e-04 5.205490476267520535e+03
2.957826081164939233e-04 5.298172416729634278e+03
3.012871727827200609e-04 5.392477476168382054e+03
3.068941783340193110e-04 5.488432717246683751e+03
3.126055312126938207e-04 5.586065608980114121e+03
3.184231733402611143e-04 5.685404014872830885e+03
3.243490827777291505e-04 5.786476209798272976e+03
3.303852743981573422e-04 5.889310891715645084e+03
3.365338005717357739e-04 5.993937186790503802e+03
3.427967518636130108e-04 6.100384648470129832e+03
3.491762577447105899e-04 6.208683137064004768e+03
3.556744873157664582e-04 6.318862819135429163e+03
3.622936500448523328e-04 6.430954285749738119e+03
3.690359965186165193e-04 6.544988561739092802e+03
3.759038192075080586e-04 6.660997110102994156e+03
3.828994532452408396e-04 6.779011830751493108e+03
3.900252772227648791e-04 6.899065055006975854e+03
3.972837139970121327e-04 7.021189561581105409e+03
4.046772315146944477e-04 7.145418583230544755e+03
4.122083436514321344e-04 7.271785811064256450e+03
4.198796110664980842e-04 7.400325371056372205e+03
4.276936420734706035e-04 7.531071622046944867e+03
4.356530935270867756e-04 7.664059259782666231e+03
4.437606717266031806e-04 7.799323427218348115e+03
4.520191333359651633e-04 7.936899718328380914e+03
4.604312863211042738e-04 8.076824180007130963e+03
4.689999909046747200e-04 8.219133270860351331e+03
4.777281605385617913e-04 8.363863845223539101e+03
4.866187628944857249e-04 8.511053208104232908e+03
4.956748208730424841e-04 8.660739121535161757e+03
5.048994136315226476e-04 8.812959806874216156e+03
5.142956776308575759e-04 8.967753895285535691e+03
5.238668077020505352e-04 9.125160278553325043e+03
5.336160581324534899e-04 9.285218248323382795e+03
5.435467437722593881e-04 9.447967541945723497e+03
5.536622411615878909e-04 9.613448343379282960e+03
5.639659896785438001e-04 9.781701259512670731e+03
5.744614927086446774e-04 9.952767028473524988e+03
5.851523188360082924e-04 1.012668659303835739e+04
5.960421030567103788e-04 1.030350130026418992e+04
6.071345480147212264e-04 1.048325290409225090e+04
6.184334252608465494e-04 1.066598356272796991e+04
6.299425765350936263e-04 1.085173574232584542e+04
6.416659150729057178e-04 1.104055212461383599e+04
6.536074269357022371e-04 1.123247575107159901e+04
6.657711723661851331e-04 1.142755003783065149e+04
6.781612871688631663e-04 1.162581877198537586e+04
6.907819841162714507e-04 1.182732601116728802e+04
7.036375543813575646e-04 1.203211562825662622e+04
7.167323689965292765e-04 1.224023162151916586e+04
7.300708803398501525e-04 1.245171828333552185e+04
7.436576236488976052e-04 1.266662019290675016e+04
7.574972185627923101e-04 1.288498219279890145e+04
7.715943706929242855e-04 1.310684906025473720e+04
7.859538732229124237e-04 1.333226548636188090e+04
8.005806085383387069e-04 1.356127635503240890e+04
8.154795498868121131e-04 1.379392674398554482e+04
8.306557630689241504e-04 1.403026191262961947e+04
8.461144081606785652e-04 1.427032707244887206e+04
8.618607412679713670e-04 1.451416699841530499e+04
8.779001163137239864e-04 1.476182645982372742e+04
8.942379868582731430e-04 1.501335029311040853e+04
9.108799079536426813e-04 1.526878338538687240e+04
9.278315380323193815e-04 1.552817059330085067e+04
9.450986408311817496e-04 1.579155625329819122e+04
9.626870873512313308e-04 1.605898439536637488e+04
9.806028578537983199e-04 1.633049896701877879e+04
9.988520438938932374e-04 1.660614381345596485e+04
1.017440850391402576e-03 1.688596263935374009e+04
1.036375597740827508e-03 1.716999834668816766e+04
1.055662723960285347e-03 1.745829274557711324e+04
1.075308786880507014e-03 1.775088728513378737e+04
1.095320466374568842e-03 1.804782308153831036e+04
1.115704566629122660e-03 1.834914088854015063e+04
1.136468018457889584e-03 1.865488093831764854e+04
1.157617881658215076e-03 1.896508253728041382e+04
1.179161347411474773e-03 1.927978437676162503e+04
1.201105740728152264e-03 1.959902460935498311e+04
1.223458522938421916e-03 1.992284081392835651e+04
1.246227294229084598e-03 2.025126986795460471e+04
1.269419796227709129e-03 2.058434682220852119e+04
1.293043914634871326e-03 2.092210514552329550e+04
1.317107681905374701e-03 2.126457742972842607e+04
1.341619279979376547e-03 2.161179536102047496e+04
1.366587043064330150e-03 2.196378967230608396e+04
1.392019460468708718e-03 2.232058977701505501e+04
1.417925179488461421e-03 2.268222342167146053e+04
1.444313008347183859e-03 2.304871713774726595e+04
1.471191919191014051e-03 2.342009625361247163e+04
1.498571051139254914e-03 2.379638484398251239e+04
1.526459713391776184e-03 2.417760545199508488e+04
1.554867388394239221e-03 2.456377798805392013e+04
1.583803735062233251e-03 2.495492042096822843e+04
1.613278592065410912e-03 2.535104912987037824e+04
1.643301981172741802e-03 2.575217884648837935e+04
1.673884110660018307e-03 2.615832256077071725e+04
1.705035378780785094e-03 2.656949073949334706e+04
1.736766377301853653e-03 2.698569124806452965e+04
1.769087895104618814e-03 2.740692994032973365e+04
1.802010921853392823e-03 2.783321062179867658e+04
1.835546651732010990e-03 2.826453498424515783e+04
1.869706487249975018e-03 2.870090210652071619e+04
1.904502043119428358e-03 2.914230764974386329e+04
1.939945150204285202e-03 2.958874468146626532e+04
1.976047859542846494e-03 3.004020378236159013e+04
2.012822446445289640e-03 3.049667297695117668e+04
2.050281414667403865e-03 3.095813747997425526e+04
2.088437500661999551e-03 3.142457828454791525e+04
2.127303677909440048e-03 3.189597277052323989e+04
2.166893161328766783e-03 3.237229532899667902e+04
2.207219411770914956e-03 3.285351729383344355e+04
2.248296140595545511e-03 3.333960684331141965e+04
2.290137314333052024e-03 3.383052792954979668e+04
2.332757159433338900e-03 3.432623980996589671e+04
2.376170167102963342e-03 3.482669815997666592e+04
2.420391098232302536e-03 3.533185508651653072e+04
2.465434988414415274e-03 3.584165905435126479e+04
2.511317153057303266e-03 3.635605404146317596e+04
2.558053192591319431e-03 3.687497726386984868e+04
2.605658997773480871e-03 3.739836117320889025e+04
2.654150755090495424e-03 3.792613403933076916e+04
2.703544952262340161e-03 3.845821987725724466e+04
2.753858383848271831e-03 3.899453819862671662e+04
2.805108156957147967e-03 3.953500186688755639e+04
2.857311697064036666e-03 4.007951760420115897e+04
2.910486753935057503e-03 4.062798735383658641e+04
2.964651407662501851e-03 4.118030824161467899e+04
3.019824074812253994e-03 4.173637250100232632e+04
3.076023514685622458e-03 4.229606635564496537e+04
3.133268835697704431e-03 4.285926899745941773e+04
3.191579501874454265e-03 4.342585418673785898e+04
3.250975339470661349e-03 4.399569040000787209e+04
3.311476543711091170e-03 4.456864077979605645e+04
3.373103685657077681e-03 4.514456118919420260e+04
3.435877719200904068e-03 4.572329149660184339e+04
3.499819988190358468e-03 4.630466188583341136e+04
3.564952233685865501e-03 4.688849622583817109e+04
3.631296601352686400e-03 4.747461203784075769e+04
3.698875648990675776e-03 4.806282107774671022e+04
3.767712354204188433e-03 4.865294154512623209e+04
3.837830122214697538e-03 4.924479809107173787e+04
3.909252793818844204e-03 4.983821067017952737e+04
3.982004653494534453e-03 5.043299408753915486e+04
4.056110437657954940e-03 5.102895796035222884e+04
4.131595343074200184e-03 5.162588386120083305e+04
4.208485035424445152e-03 5.222348729650356836e+04
4.286805658032573178e-03 5.282146523664351116e+04
4.366583840754156669e-03 5.341950536489471415e+04
4.447846709030926944e-03 5.401728612457604322e+04
4.530621893113690075e-03 5.461448067579614872e+04
4.614937537456922229e-03 5.521078494853789016e+04
4.700822310288196512e-03 5.580590287079232803e+04
4.788305413355667915e-03 5.639953177310013416e+04
4.877416591856993840e-03 5.699136240680003539e+04
4.968186144553033909e-03 5.758107911465421057e+04
5.060644934069723037e-03 5.816836163227264478e+04
5.154824397391739865e-03 5.875288584879321570e+04
5.250756556551375819e-03 5.933432197285494476e+04
5.348474029516399504e-03 5.991233456464086339e+04
5.448010041280518592e-03 6.048658272698556539e+04
5.549398435160214811e-03 6.105670868417053134e+04
5.652673684301848245e-03 6.162230551770012244e+04
5.757870903402914110e-03 6.218294924155915942e+04
5.865025860651379430e-03 6.273820898266490258e+04
5.974174989887301966e-03 6.328764730463851447e+04
6.085355402990681381e-03 6.383081939648809202e+04
6.198604902499920202e-03 6.436726009520883235e+04
6.313961994465111700e-03 6.489648841129440552e+04
6.431465901540466337e-03 6.541801731381503487e+04
6.551156576320492017e-03 6.593135438188104308e+04
6.673074714924258008e-03 6.643600220457122487e+04
6.797261770832533842e-03 6.693144959932967322e+04
6.923759968982438374e-03 6.741716409130059765e+04
7.052612320124336531e-03 6.789260738347016741e+04
7.183862635445977148e-03 6.835723778377167764e+04
7.317555541468785500e-03 6.881051088295488444e+04
7.453736495221318682e-03 6.925187670193804661e+04
7.592451799695195541e-03 6.968076450899061456e+04
7.733748619588570045e-03 7.009659594870723959e+04
7.877674997342650615e-03 7.049879229354005656e+04
8.024279869476676902e-03 7.088677532946802967e+04
8.173613083226801898e-03 7.125996672393177869e+04
8.325725413494765303e-03 7.161775866416395002e+04
8.480668580111837274e-03 7.195951608558018052e+04
8.638495265424150915e-03 7.228460599286477373e+04
8.799259132205285161e-03 7.259239977421436924e+04
8.963014841902153945e-03 7.288227438898956461e+04
9.129818073220483110e-03 7.315360342377671623e+04
9.299725541056220665e-03 7.340574211275264679e+04
9.472795015779144484e-03 7.363805046761443373e+04
9.649085342875476229e-03 7.384989883563230978e+04
9.828656462955921713e-03 7.404066936329311284e+04
1.001156943213615813e-02 7.420975344668531034e+04
1.019788644279658041e-02 7.435652487200494215e+04
1.038767084472833578e-02 7.448035794742766302e+04
1.058098716667300355e-02 7.458064453824867087e+04
1.077790113826298558e-02 7.465679588262013567e+04
1.097847971237033565e-02 7.470824392060763785e+04
1.118279108787148014e-02 7.473442793239235471e+04
1.139090473283550266e-02 7.473479167729492474e+04
1.160289140814407295e-02 7.470880396265395393e+04
1.181882319155094611e-02 7.465596183477395971e+04
1.203877350218909327e-02 7.457579241862762137e+04
1.226281712553408711e-02 7.446785347191320034e+04
1.249103023883189542e-02 7.433173177732333716e+04
1.272349043699998877e-02 7.416704854058731871e+04
1.296027675901048962e-02 7.397346221718855668e+04
1.320146971476421523e-02 7.375067020352094551e+04
1.344715131246493160e-02 7.349841230553794594e+04
1.369740508650306096e-02 7.321649293697754911e+04
1.395231612585820166e-02 7.290477478742561652e+04
1.421197110303039010e-02 7.256316507082473254e+04
1.447645830350960221e-02 7.219161640069512941e+04
1.474586765579379358e-02 7.179012830403466069e+04
1.502029076196561945e-02 7.135879029750259360e+04
1.529982092883802255e-02 7.089781549162956071e+04
1.558455319967966268e-02 7.040747055377448851e+04
1.587458438653055817e-02 6.988806760614528321e+04
1.617001310311927745e-02 6.933996418577326403e+04
1.647093979839269265e-02 6.876359384992091509e+04
1.677746679066961788e-02 6.815959815372458252e+04
1.708969830243019933e-02 6.752871038427035091e+04
1.740774049575272500e-02 6.687169773932342650e+04
1.773170150840974041e-02 6.618935970611851371e+04
1.806169149063622040e-02 6.548253631715585652e+04
1.839782264258170430e-02 6.475229531143490749e+04
1.874020925245960256e-02 6.399990538802263472e+04
1.908896773540647365e-02 6.322664816407684702e+04
1.944421667306430596e-02 6.243380782013005228e+04
1.980607685389969980e-02 6.162266844017826952e+04
2.017467131427310920e-02 6.079465986250143760e+04
2.055012538027260402e-02 5.995157320699735283e+04
2.093256671032612051e-02 5.909521891911458079e+04
2.132212533860660536e-02 5.822736142720151111e+04
2.171893371924510374e-02 5.734971580672014534e+04
2.212312677136661979e-02 5.646399265445624769e+04
2.253484192496396296e-02 5.557221886254427955e+04
2.295421916762556414e-02 5.467651285987351002e+04
2.338140109213264484e-02 5.377889640996253002e+04
2.381653294494233408e-02 5.288129205962627748e+04
2.425976267557312244e-02 5.198553213890128973e+04
2.471124098690913318e-02 5.109371462918006728e+04
2.517112138644081801e-02 5.020827628691371501e+04
2.563956023845920945e-02 4.933152740775861457e+04
2.611671681722130961e-02 4.846562269845749688e+04
2.660275336110523928e-02 4.761256549430091400e+04
2.709783512777287282e-02 4.677410228389032272e+04
2.760213045035928361e-02 4.595144724077784485e+04
2.811581079470791902e-02 4.514562572508091398e+04
2.863905081767063529e-02 4.435757585452542844e+04
2.917202842649312816e-02 4.358815333572575764e+04
2.971492483930513601e-02 4.283821415502403397e+04
3.026792464673661379e-02 4.210946978561998549e+04
3.083121587468064598e-02 4.140411059941800340e+04
3.140499004822408513e-02 4.072417357788146182e+04
3.198944225676823849e-02 4.007154562551787967e+04
3.258477122036146367e-02 3.944789983110201865e+04
3.319117935726590557e-02 3.885284908821762656e+04
3.380887285278214721e-02 3.828402369246684248e+04
3.443806172935418020e-02 3.773909398672364478e+04
3.507895991797944230e-02 3.721585655208207027e+04
3.573178533094770182e-02 3.671222367015045893e+04
3.639675993593340791e-02 3.622621324068560352e+04
3.707410983146734035e-02 3.575594115219039668e+04
3.776406532381229586e-02 3.529961458159512404e+04
3.846686100526980345e-02 3.485551150188850443e+04
3.918273583394415310e-02 3.442151573657137487e+04
3.991193321499050817e-02 3.399503931482228654e+04
4.065470108337539829e-02 3.357358246416596376e+04
4.141129198817736223e-02 3.315475139984698035e+04
4.218196317845611387e-02 3.273576198746609225e+04
4.296697669072029740e-02 3.231333057314627513e+04
4.376659943802245489e-02 3.188430989342748580e+04
4.458110330071245880e-02 3.144563909553393023e+04
4.541076521887986439e-02 3.099331461101313471e+04
4.625586728651625429e-02 3.052288013510738892e+04
4.711669684743056974e-02 3.003021336603911186e+04
4.799354659294879227e-02 2.951199238922190852e+04
4.888671466143228866e-02 2.896630455238637296e+04
4.979650473964819524e-02 2.839171957538704373e+04
5.072322616602591150e-02 2.778742494044316845e+04
5.166719403583566045e-02 2.715453124059133552e+04
5.262872930832439289e-02 2.649490132759588960e+04
5.360815891584506943e-02 2.581076683434685401e+04
5.460581587501755346e-02 2.510630587171898151e+04
5.562203939995752355e-02 2.438642343204602003e+04
5.665717501761308866e-02 2.365594917321921821e+04
5.771157468524778372e-02 2.292055578066337694e+04
5.878559691010956656e-02 2.218587801464170843e+04
5.987960687132726917e-02 2.145727524465667739e+04
6.099397654407562319e-02 2.074040061691066876e+04
6.212908482605042360e-02 2.004041657657349424e+04
6.328531766629828803e-02 1.936253414702586088e+04
6.446306819644309627e-02 1.871210858935108627e+04
6.566273686435512846e-02 1.809376327498859973e+04
6.688473157030785932e-02 1.751157758063301299e+04
6.812946780566800364e-02 1.696927395749013158e+04
6.939736879416757986e-02 1.647002959455377641e+04
7.068886563580406568e-02 1.601534664171320037e+04
7.200439745341923048e-02 1.560470754753070105e+04
7.334441154200589674e-02 1.523737834957094856e+04
7.470936352079254883e-02 1.491001634081356133e+04
7.609971748815910764e-02 1.461724014523539881e+04
7.751594617943545484e-02 1.435362391606555138e+04
7.895853112763616399e-02 1.411156353444609340e+04
8.042796282718739365e-02 1.388306450502871303e+04
8.192474090069987169e-02 1.366014273923819746e+04
8.344937426884607712e-02 1.343455906831544416e+04
8.500238132339901775e-02 1.319869491667088187e+04
8.658429010349055766e-02 1.294620284202125549e+04
8.819563847515091148e-02 1.267165397105098964e+04
8.983697431418842527e-02 1.237188167001681359e+04
9.150885569247343976e-02 1.204555334346002201e+04
9.321185106768901940e-02 1.169332618397763690e+04
9.494653947661219062e-02 1.131818370385369235e+04
9.671351073199298265e-02 1.092434876770704614e+04
9.851336562309717659e-02 1.051789414101873808e+04
1.003467161199808194e-01 1.010559089550535828e+04
1.022141855815670713e-01 9.695660809989110930e+03
1.041164089675945398e-01 9.296443268100461864e+03
1.060540330545105686e-01 8.917007241118331876e+03
1.080277166553825219e-01 8.565133423117113125e+03
1.100381308439006695e-01 8.247132414089590384e+03
1.120859591825511953e-01 7.966125914829360227e+03
1.141718979550342683e-01 7.722055055445566722e+03
1.162966564030080974e-01 7.511499612050948599e+03
1.184609569672391421e-01 7.328929504578148226e+03
1.206655355332392210e-01 7.167250164355641573e+03
1.229111416814746699e-01 7.018938219178117834e+03
1.251985389422321793e-01 6.876189324409097935e+03
1.275285050552266153e-01 6.731017571021898220e+03
1.299018322340416420e-01 6.575799732259197299e+03
1.323193274354901861e-01 6.404407236121356618e+03
1.347818126339888345e-01 6.213774502023914465e+03
1.372901251010382462e-01 6.004408213975812032e+03
1.398451176899038195e-01 5.780661860480006908e+03
1.424476591255952884e-01 5.549076966180267846e+03
1.450986343002430845e-01 5.317232908859681629e+03
1.477989445739702201e-01 5.092748441880270548e+03
1.505495080813654685e-01 4.882521167196388888e+03
1.533512600436581774e-01 4.691823269102788800e+03
1.562051530867038796e-01 4.523496296512457775e+03
1.591121575648876962e-01 4.377282612159113341e+03
1.620732618910545875e-01 4.250137619300291590e+03
1.650894728725811889e-01 4.137040712396194067e+03
1.681618160537003137e-01 4.031665852496809293e+03
1.712913360641974692e-01 3.927101735939362698e+03
1.744790969745966536e-01 3.817050897870518384e+03
1.777261826579549508e-01 3.697648518327385318e+03
1.810336971583913768e-01 3.568670061679242735e+03
1.844027650664744611e-01 3.433027016567908049e+03
1.878345319015938819e-01 3.295198567596178236e+03
1.913301645014506558e-01 3.159999276486242707e+03
1.948908514187935315e-01 3.032078862648440463e+03
1.985178033255401708e-01 2.915282179760646613e+03
2.022122534244190362e-01 2.811379003093931715e+03
2.059754578682706505e-01 2.719179698785863366e+03
2.098086961871543921e-01 2.635140660532559195e+03
2.137132717234006274e-01 2.554950551968472155e+03
2.176905120747632538e-01 2.474829556822287486e+03
2.217417695458159532e-01 2.392155244911160935e+03
2.258684216077510576e-01 2.305967327535099230e+03
2.300718713667327942e-01 2.217403310639085248e+03
2.343535480409713601e-01 2.129354895161360218e+03
2.387149074466707321e-01 2.045075596529056156e+03
2.431574324930211306e-01 1.966710485951906776e+03
2.476826336864063061e-01 1.894828661755950634e+03
2.522920496439908233e-01 1.828692957007020595e+03
2.569872476168651998e-01 1.766543290215900925e+03
2.617698240229308082e-01 1.706054256068871155e+03
2.666414049896976834e-01 1.645365650013132154e+03
2.716036469071841930e-01 1.584020387241861499e+03
2.766582369911103068e-01 1.522935795115150086e+03
2.818068938565669868e-01 1.463502749660409108e+03
2.870513681023650343e-01 1.406910727571229245e+03
2.923934429062554630e-01 1.353911502437617855e+03
2.978349346312322843e-01 1.304284724910408841e+03
3.033776934431137717e-01 1.256889132938516013e+03
3.090236039396174195e-01 1.210742053569380460e+03
3.147745857911463108e-01 1.165303845014290573e+03
3.206325943934967282e-01 1.120464839100411837e+03
3.265996215327114371e-01 1.076850540273420620e+03
3.326776960623123447e-01 1.035156314255381176e+03
3.388688845931303040e-01 9.955293352307202213e+02
3.451752921959740372e-01 9.578024830597523760e+02
3.515990631173794290e-01 9.215689662556331996e+02
3.581423815086752782e-01 8.863094266592935355e+02
3.648074721686186406e-01 8.519448862310227923e+02
3.715966012998477841e-01 8.186698003467396347e+02
3.785120772794199895e-01 7.866522683623416015e+02
3.855562514436822186e-01 7.560656897326280159e+02
3.927315188877490981e-01 7.267393087324086309e+02
4.000403192798646645e-01 6.984666482855889171e+02
4.074851376909142675e-01 6.711335987963236676e+02
4.150685054393732365e-01 6.446697468135248528e+02
4.227930009519862420e-01 6.192195307637318820e+02
4.306612506404587926e-01 5.947698692515856465e+02
4.386759297944627378e-01 5.712901778261903019e+02
4.468397634912683047e-01 5.487039201601471632e+02
4.551555275222972652e-01 5.269507274984376863e+02
4.636260493369198654e-01 5.060014681243054611e+02
4.722542090038224782e-01 4.858308729588666210e+02
4.810429401902590607e-01 4.664141812323351246e+02
4.899952311595312526e-01 4.477271489105070259e+02
4.991141257870264636e-01 4.297460555504898707e+02
5.084027245951738827e-01 4.124477096749336624e+02
5.178641858076523663e-01 3.958094527518053383e+02
5.275017264232182423e-01 3.798091618647412133e+02
5.373186233095249564e-01 3.644252511566375574e+02
5.473182143172904413e-01 3.496366721267975208e+02
5.575038994151997329e-01 3.354228581619784109e+02
5.678791418459362417e-01 3.217630511869729162e+02
5.784474693037192639e-01 3.086366338796869400e+02
5.892124751337546318e-01 2.960237062378391784e+02
6.001778195540171668e-01 2.839050747258541492e+02
6.113472308997595084e-01 2.722622285224680923e+02
6.227245068911894110e-01 2.610773165205756072e+02
6.343135159247300647e-01 2.503331250569924578e+02
6.461181983883242941e-01 2.400130563504552299e+02
6.581425680012040758e-01 2.301011076267671456e+02
6.703907131785969975e-01 2.205818509105959890e+02
6.828667984218362852e-01 2.114404134639456743e+02
6.955750657343338084e-01 2.026624632661022645e+02
7.085198360639032300e-01 1.942342805148342961e+02
7.217055107719361207e-01 1.861427189587472810e+02
7.351365731299080997e-01 1.783750892496438496e+02
7.488175898437361422e-01 1.709191411003976953e+02
7.627532126065152962e-01 1.637630500713869708e+02
7.769481796801392948e-01 1.568954046564499549e+02
7.914073175063631727e-01 1.503051936665249855e+02
8.061355423478403504e-01 1.439817939089604408e+02
8.211378619597130557e-01 1.379149581601035948e+02
8.364193772922983161e-01 1.320948034286051609e+02
8.519852842254628245e-01 1.265117995065641452e+02
8.678408753352855332e-01 1.211567572365834877e+02
8.839915416935870685e-01 1.160207962906713561e+02
9.004427747009475791e-01 1.110953324596685974e+02
9.172001679538505092e-01 1.063720976742356186e+02
9.342694191465624742e-01 1.018431312348439519e+02
9.516563320084039379e-01 9.750076920568216110e+01
9.693668182770914798e-01 9.333763413671751152e+01
9.874068997087843691e-01 8.934662510546789349e+01
1.005782710125550539e+00 8.552090807019831686e+01
1.024500497500924867e+00 8.185390652636793618e+01
1.043566626084298399e+00 7.833929245832244703e+01
1.062987578564825730e+00 7.497097757835047105e+01
1.082769958275605182e+00 7.174310495670150090e+01
1.102920491438892370e+00 6.865005026531443377e+01
1.123446029453083694e+00 6.568641891682538869e+01
1.144353551222260235e+00 6.284702102049256922e+01
1.165650165529100946e+00 6.012686251357110478e+01
1.187343113451940324e+00 5.752113841677333284e+01
1.209439770826806093e+00 5.502522628904939950e+01
1.231947650755296442e+00 5.263467987746827248e+01
1.254874406159106393e+00 5.034522295800010028e+01
1.278227832382108131e+00 4.815274336297994751e+01
1.302015869840842388e+00 4.605328719106457669e+01
1.326246606724360122e+00 4.404305319550156383e+01
1.350928281744287585e+00 4.211838728945562593e+01
1.376069286936067781e+00 4.027575986738123959e+01
1.401678170512359323e+00 3.851174070419602202e+01
1.427763639769512816e+00 3.682303557278969919e+01
1.454334564048137990e+00 3.520648717541067185e+01
1.481399977748789620e+00 3.365906943476876734e+01
1.508969083403755240e+00 3.217788202651060203e+01
1.537051254806004685e+00 3.076014514262762845e+01
1.565656040196399479e+00 2.940319447582241352e+01
1.594793165510185018e+00 2.810447641529525242e+01
1.624472537683918638e+00 2.686154344484750212e+01
1.654704248023925128e+00 2.567204973458948558e+01
1.685498575637464969e+00 2.453374692283088621e+01
1.716865990927734842e+00 2.344450738097502906e+01
1.748817159153907230e+00 2.240237574767410322e+01
1.781362944057450326e+00 2.140548009725473122e+01
1.814514411555911311e+00 2.045200989752996179e+01
1.848282833505435985e+00 1.954021493431774203e+01
1.882679691533340138e+00 1.866840418237629606e+01
1.917716680941977891e+00 1.783494462985484219e+01
1.953405714685259920e+00 1.703826006293976647e+01
1.989758927419206902e+00 1.627682981696003850e+01
2.026788679627852474e+00 1.554918749981877824e+01
2.064507561825930981e+00 1.485391969322728301e+01
2.102928398839808644e+00 1.418966463684463974e+01
2.142064254168049686e+00 1.355511451956511060e+01
2.181928434423153096e+00 1.294894096097421787e+01
2.222534493855928606e+00 1.236987498473568081e+01
2.263896238964111074e+00 1.181670436208997543e+01
2.306027733186709394e+00 1.128827107414941366e+01
2.348943301685712193e+00 1.078346888767734235e+01
2.392657536216821423e+00 1.030124103927645152e+01
2.437185300090796591e+00 9.840578023138311536e+00
2.482541733227127345e+00 9.400515477722908741e+00
2.528742257301793916e+00 8.980132166944143179e+00
2.575802580990789625e+00 8.578548051635046079e+00
2.623738705311227992e+00 8.194922447255464704e+00
2.672566929061887642e+00 7.828452263985585802e+00
2.722303854364961140e+00 7.478370325520978135e+00
2.772966392310965311e+00 7.143943763049782625e+00
2.824571768708673325e+00 6.824472481049868477e+00
2.877137529942105143e+00 6.519287691694333198e+00
2.930681548936474812e+00 6.227750514797140369e+00
2.985222031235159168e+00 5.949250640368048515e+00
3.040777521189810706e+00 5.683205050976985362e+00
3.097366908265623220e+00 5.429056801253235420e+00
3.155009433463933366e+00 5.186273851964411818e+00
3.213724695864403902e+00 4.954347956234463446e+00
3.273532659288905577e+00 4.732793595569090073e+00
3.334453659089413602e+00 4.521146963461230683e+00
3.396508409062282130e+00 4.318964994448870165e+00
3.459718008491130981e+00 4.125824436592590239e+00
3.524103949320848361e+00 3.941320965431150292e+00
3.589688123465053948e+00 3.765068337560253386e+00
3.656492830249621573e+00 3.596697582062569509e+00
3.724540783994676474e+00 3.435856228096342502e+00
3.793855121737686353e+00 3.282207567025593242e+00
3.864459411100342301e+00 3.135429947547267115e+00
3.936377658301786653e+00 2.995216102339697262e+00
4.009634316320961567e+00 2.861272504822805374e+00
4.084254293210932474e+00 2.733318754683454976e+00
4.160262960567866486e+00 2.611086990879599057e+00
4.237686162157634939e+00 2.494321330894407662e+00
4.316550222703010142e+00 2.382777335066480706e+00
4.396881956834326033e+00 2.276221494874780760e+00
4.478708678206756666e+00 2.174430744107032965e+00
4.562058208787227009e+00 2.077191991888280853e+00
4.646958888314220104e+00 1.984301676592012509e+00
4.733439583933577666e+00 1.895565339700021168e+00
4.821529700013609698e+00 1.810797218718894763e+00
4.911259188142950372e+00 1.729819858300951196e+00
5.002658557314395793e+00 1.652463738755520550e+00
5.095758884298262181e+00 1.578566921172898763e+00
5.190591824208873994e+00 1.507974708418067245e+00
5.287189621267624595e+00 1.440539321284490137e+00
5.385585119766321149e+00 1.376119589130051502e+00
5.485811775234659571e+00 1.314580654347494715e+00
5.587903665815428411e+00 1.255793690050705180e+00
5.691895503851461591e+00 1.199635630385824880e+00
5.797822647688167130e+00 1.145988912902634382e+00
5.905721113695809876e+00 1.094741232446874601e+00
6.015627588515434887e+00 1.045785306058302000e+00
6.127579441532684079e+00 9.990186483823058072e-01
6.241614737583862649e+00 9.543433571249364533e-01
6.357772249898351546e+00 9.116659081022068234e-01
6.476091473281896604e+00 8.708969594546195347e-01
6.596612637545334223e+00 8.319511646170608676e-01
6.719376721183119905e+00 7.947469936525251022e-01
6.844425465306436251e+00 7.592065625756490022e-01
6.971801387835676600e+00 7.252554703087571442e-01
7.101547797956963670e+00 6.928226429290976762e-01
7.233708810847745418e+00 6.618401848812144328e-01
7.368329362676397487e+00 6.322432368429788951e-01
7.505455225881074277e+00 6.039698399477360091e-01
7.645133024732787774e+00 5.769608060783241177e-01
7.787410251188128463e+00 5.511595939614389872e-01
7.932335281037125263e+00 5.265121908029567477e-01
8.079957390351484747e+00 5.029669992164267356e-01
8.230326772238955257e+00 4.804747292080294718e-01
8.383494553909601521e+00 4.589882949918785982e-01
8.539512814059563084e+00 4.384627164196571170e-01
8.698434600578343279e+00 4.188550248182393299e-01
8.860313948585726962e+00 4.001241730381767114e-01
9.025205898804282256e+00 3.822309495247414590e-01
9.193166516273741706e+00 3.651378962316422783e-01
9.364252909413808723e+00 3.488092302055710858e-01
9.538523249441583474e+00 3.332107686774242183e-01
9.716036790150434754e+00 3.183098575033825872e-01
9.896853888056849513e+00 3.040753028060478869e-01
1.008103602292240986e+01 2.904773056725305502e-01
1.026864581865753046e+01 2.774873997727859698e-01
1.045974706461418791e+01 2.650783917676067802e-01
1.065440473727512050e+01 2.532243043815213812e-01
1.085268502234645638e+01 2.419003220214242522e-01
1.105465533726152572e+01 2.310827388270984828e-01
1.126038435410362482e+01 2.207489090448734870e-01
1.146994202295519294e+01 2.108771996205342225e-01
1.168339959568155706e+01 2.014469449122352207e-01
1.190082965015744421e+01 1.924384034286158729e-01
1.212230611494414667e+01 1.838327165015520570e-01
1.234790429442609749e+01 1.756118688070279488e-01
1.257770089441506300e+01 1.677586506514820441e-01
1.281177404823108823e+01 1.602566219446763807e-01
1.305020334326859732e+01 1.530900777836701754e-01
1.329306984805690206e+01 1.462440155758489013e-01
1.354045613982450469e+01 1.397041036321851060e-01
1.379244633257617991e+01 1.334566511649823706e-01
1.404912610569257581e+01 1.274885796272956229e-01
1.431058273306226702e+01 1.217873953340288806e-01
1.457690511275574252e+01 1.163411633073951068e-01
1.484818379725163240e+01 1.111384822919852383e-01
1.512451102422567573e+01 1.061684608871432262e-01
1.540598074791243910e+01 1.014206947466810838e-01
1.569268867105079224e+01 9.688524479820445623e-02
1.598473227742379166e+01 9.255261643645149028e-02
1.628221086500435533e+01 8.841373964708874877e-02
1.658522557971758360e+01 8.445995001935463486e-02
1.689387944983135981e+01 8.068297060780156571e-02
1.720827742098725111e+01 7.707489460516633861e-02
1.752852639188308359e+01 7.362816879009512205e-02
1.785473525061952316e+01 7.033557771507298328e-02
1.818701491172344475e+01 6.719022860145590359e-02
1.852547835385990638e+01 6.418553690998454742e-02
1.887024065824607177e+01 6.131521255657281649e-02
1.922141904778023402e+01 5.857324674451511171e-02
1.957913292689872264e+01 5.595389938554611031e-02
1.994350392217480206e+01 5.345168708342078884e-02
2.031465592367283080e+01 5.106137165485857832e-02
2.069271512707246785e+01 4.877794916382154067e-02
2.107781007657644423e+01 4.659663944617054715e-02
2.147007170861686021e+01 4.451287610277031986e-02
2.186963339637521031e+01 4.252229694009442701e-02
2.227663099513058498e+01 4.062073483831863535e-02
2.269120288845183708e+01 3.880420902778562720e-02
2.311349003524967927e+01 3.706891675557896781e-02
2.354363601770415571e+01 3.541122532476102119e-02
2.398178709008397291e+01 3.382766448960970729e-02
2.442809222847480299e+01 3.231491919093380794e-02
2.488270318143257143e+01 3.086982261625920501e-02
2.534577452157970257e+01 2.948934957035772089e-02
2.581746369816127995e+01 2.817061014224050627e-02
2.629793109057977318e+01 2.691084365535829220e-02
2.678734006292561887e+01 2.570741288834364410e-02
2.728585701952263420e+01 2.455779855419690239e-02
2.779365146150755450e+01 2.345959402635839491e-02
2.831089604446212959e+01 2.241050030062633619e-02
2.883776663711769572e+01 2.140832118237357556e-02
2.937444238115275397e+01 2.045095868898812175e-02
2.992110575210294598e+01 1.953640865791269124e-02
3.047794262140451238e+01 1.866275655108911788e-02
3.104514231959289461e+01 1.782817344702456244e-02
3.162289770067698313e+01 1.703091221208921299e-02
3.221140520771163551e+01 1.626930384303041863e-02
3.281086493959021055e+01 1.554175397304653067e-02
3.342148071908069795e+01 1.484673953410632630e-02
3.404346016212749504e+01 1.418280556852666470e-02
3.467701474844285059e+01 1.354856218313383112e-02
3.532235989341263149e+01 1.294268163963225096e-02
3.597971502133970034e+01 1.236389557508953650e-02
3.664930364005032004e+01 1.181099234671911975e-02
3.733135341688965525e+01 1.128281449540206351e-02
3.802609625613088440e+01 1.077825632263804470e-02
3.873376837782496551e+01 1.029626157585313180e-02
3.945461039811841886e+01 9.835821237218661181e-03
4.018886741106511096e+01 9.395971411352344038e-03
4.093678907196103012e+01 8.975791307479602868e-03
4.169862968222948751e+01 8.574401311831032074e-03
4.247464827588677849e+01 8.190961146240620383e-03
4.326510870761629945e+01 7.824668109089966128e-03
4.407027974248179447e+01 7.474755394916017016e-03
4.489043514731080364e+01 7.140490489164554554e-03
4.572585378377810628e+01 6.821173634728996613e-03
4.657681970322146014e+01 6.516136367064310000e-03
4.744362224322258470e+01 6.224740114809434836e-03
4.832655612598485106e+01 5.946374862988708203e-03
4.922592155854170670e+01 5.680457875993828558e-03
5.014202433483085031e+01 5.426432477673008917e-03
5.107517593966719005e+01 5.183766885973547373e-03
5.202569365465077311e+01 4.951953099698207413e-03
5.299390066604645000e+01 4.730505835044955358e-03
5.398012617467041707e+01 4.518961509703749851e-03
5.498470550782214161e+01 4.316877272383688735e-03
5.600798023329889475e+01 4.123830075738911007e-03
5.705029827553308053e+01 3.939415790752478184e-03
5.811201403388998443e+01 3.763248360724288401e-03
5.919348850316709587e+01 3.594958993091946445e-03
6.029508939633679176e+01 3.434195387392745182e-03
6.141719126957245578e+01 3.280620997750548565e-03
6.256017564960127686e+01 3.133914328343651978e-03
6.372443116342805070e+01 2.993768260378746292e-03
6.491035367047227567e+01 2.859889409162040628e-03
6.611834639716428796e+01 2.731997509921651242e-03
6.734882007404722515e+01 2.609824831095489475e-03
6.860219307542939760e+01 2.493115613856447185e-03
6.987889156163632265e+01 2.381625536701542211e-03
7.117934962390931730e+01 2.275121203984209039e-03
7.250400943200190795e+01 2.173379657318990927e-03
7.385332138452201889e+01 2.076187908835823177e-03
7.522774426207189435e+01 1.983342495306792026e-03
7.662774538323922968e+01 1.894649052211983204e-03
7.805380076349018736e+01 1.809921906852753190e-03
7.950639527701932252e+01 1.728983689660639053e-03
8.098602282161287746e+01 1.651664962888212476e-03
8.249318648657892084e+01 1.577803865904580044e-03
8.402839872380275210e+01 1.507245776352966879e-03
8.559218152198683072e+01 1.439842986461060828e-03
8.718506658413211596e+01 1.375454393826489345e-03
8.880759550832298999e+01 1.313945206030115451e-03
9.046031997187590434e+01 1.255186658458783524e-03
9.214380191891648053e+01 1.199055744746799256e-03
9.385861375144614271e+01 1.145434959271846498e-03
9.560533852396447685e+01 1.094212051166271096e-03
9.738457014171507353e+01 1.045279789328782761e-03
9.919691356261905923e+01 9.985357379446344831e-04
1.010429850029669723e+02 9.538820420443579846e-04
1.029234121469398247e+02 9.112252226521358684e-04
1.048388343600281161e+02 8.704759810949685072e-04
1.067899029064223271e+02 8.315490120629750797e-04
1.087772811704509053e+02 7.943628250294828370e-04
1.108016448821373530e+02 7.588395736570638849e-04
1.128636823469560682e+02 7.249048928323933690e-04
1.149640946798628391e+02 6.924877429887741145e-04
1.171035960436827281e+02 6.615202613904298855e-04
1.192829138919324521e+02 6.319376200672431609e-04
1.215027892161618439e+02 6.036778901025337263e-04
1.237639767979001846e+02 5.766819119897767781e-04
1.260672454652895027e+02 5.508931717868603434e-04
1.284133783544936307e+02 5.262576828086248807e-04
1.308031731759743650e+02 5.027238726100124100e-04
1.332374424857209760e+02 4.802424750232377323e-04
1.357170139615271580e+02 4.587664270229679215e-04
1.382427306844120380e+02 4.382507702036064594e-04
1.408154514252755973e+02 4.186525566624313627e-04
1.434360509368906946e+02 3.999307590915625581e-04
1.461054202513273594e+02 3.820461848905423101e-04
1.488244669829147995e+02 3.649613941197296001e-04
1.515941156368394047e+02 3.486406211227525108e-04
1.544153079234855568e+02 3.330496996539387641e-04
1.572890030786289230e+02 3.181559913539859681e-04
1.602161781895862021e+02 3.039283174241425478e-04
1.631978285274344103e+02 2.903368933558606209e-04
1.662349678854156139e+02 2.773532665792870049e-04
1.693286289236365860e+02 2.649502569000615699e-04
1.724798635201833861e+02 2.531018995997328020e-04
1.756897431287734150e+02 2.417833910806762513e-04
1.789593591430594017e+02 2.309710369417273005e-04
1.822898232677163435e+02 2.206422023758288832e-04
1.856822678964311990e+02 2.107752647858556632e-04
1.891378464969311324e+02 2.013495685194194751e-04
1.926577340031740846e+02 1.923453816278967532e-04
1.962431272148377559e+02 1.837438545591570723e-04
1.998952452042465211e+02 1.755269806975184865e-04
2.036153297308682681e+02 1.676775586683239240e-04
2.074046456635247466e+02 1.601791563282253610e-04
2.112644814104626789e+02 1.530160763657933954e-04
2.151961493574255826e+02 1.461733234404389398e-04
2.192009863138779338e+02 1.396365727908552496e-04
2.232803539675367688e+02 1.333921402472646746e-04
2.274356393473593982e+02 1.274269535846930975e-04
2.316682552951467358e+02 1.217285251573021500e-04
2.359796409459273150e+02 1.162849257564915935e-04
2.403712622172769215e+02 1.110847596380461872e-04
2.448446123077474113e+02 1.061171406660473194e-04
2.494012122045683100e+02 1.013716695236100849e-04
2.540426112008018151e+02 9.683841194273660579e-05
2.587703874221174374e+02 9.250787790771298439e-05
2.635861483633706257e+02 8.837100178851296642e-05
2.684915314351710549e+02 8.441912336261946927e-05
2.734882045206184671e+02 8.064396968553460730e-05
2.785778665423993061e+02 7.703763777202562210e-05
2.837622480404418752e+02 7.359257805185121393e-05
2.890431117603170037e+02 7.030157856533414060e-05
2.944222532525890870e+02 6.715774986569488197e-05
2.999015014833253190e+02 6.415451059654029133e-05
3.054827194559624672e+02 6.128557371431542829e-05
3.111678048447485025e+02 5.854493332687568549e-05
3.169586906399705413e+02 5.592685212062723952e-05
3.228573458051954503e+02 5.342584934991550404e-05
3.288657759467371875e+02 5.103668936351810981e-05
3.349860239955828547e+02 4.875437064422377605e-05
3.412201709020141607e+02 4.657411533855214321e-05
3.475703363431521780e+02 4.449135925469585492e-05
3.540386794436677178e+02 4.250174230774658696e-05
3.606273995099111858e+02 4.060109939220251654e-05
3.673387367776979886e+02 3.878545166264991663e-05
3.741749731740119387e+02 3.705099820436530888e-05
3.811384330928877944e+02 3.539410807640160854e-05
3.882314841857281067e+02 3.381131271050074883e-05
3.954565381663319386e+02 3.229929864992081009e-05
4.028160516309003469e+02 3.085490061297669853e-05
4.103125268933094389e+02 2.947509486677363827e-05
4.179485128359228270e+02 2.815699289726186183e-05
4.257266057762361129e+02 2.689783536236121079e-05
4.336494503496575703e+02 2.569498631549696615e-05
4.417197404087106065e+02 2.454592768745457470e-05
4.499402199389698467e+02 2.344825401500105305e-05
4.583136839920509829e+02 2.239966740523832061e-05
4.668429796359556576e+02 2.139797272514635035e-05
4.755310069231032344e+02 2.044107300624607785e-05
4.843807198763843758e+02 1.952696505476194600e-05
4.933951274935576521e+02 1.865373525809440819e-05
5.025772947703426325e+02 1.781955557882347954e-05
5.119303437425483594e+02 1.702267972785721548e-05
5.214574545476040157e+02 1.626143950871376801e-05
5.311618665058375655e+02 1.553424132528419580e-05
5.410468792218765657e+02 1.483956284576520700e-05
5.511158537065549581e+02 1.417594981577811078e-05
5.613722135196904901e+02 1.354201301400243616e-05
5.718194459341282254e+02 1.293642534395112870e-05
5.824611031214578816e+02 1.235791905579917396e-05
5.933008033597861868e+02 1.180528309244972150e-05
6.043422322639885351e+02 1.127736055428198623e-05
6.155891440388643332e+02 1.077304627727350024e-05
6.270453627555975800e+02 1.029128451942678380e-05
6.387147836519955035e+02 9.831066750657060897e-06
6.506013744568971333e+02 9.391429541514426717e-06
6.627091767392500969e+02 8.971452546320581655e-06
6.750423072822950417e+02 8.570256576498043463e-06
6.876049594833017409e+02 8.187001760058507273e-06
7.004014047793772306e+02 7.820885783397337799e-06
7.134359940998066349e+02 7.471142211713592485e-06
7.267131593453999585e+02 7.137038884539463893e-06
7.402374148954055499e+02 6.817876383020317743e-06
7.540133591424295219e+02 6.512986565736737839e-06
7.680456760559470695e+02 6.221731170003350296e-06
7.823391367749105711e+02 5.943500475716466272e-06
7.968986012299717459e+02 5.677712028953324447e-06
8.117290197959187026e+02 5.423809422650934802e-06
8.268354349748652794e+02 5.181261131811955177e-06
8.422229831107385962e+02 4.949559400799218056e-06
8.578968961357008993e+02 4.728219180389502608e-06
8.738625033490707210e+02 4.516777112361413377e-06
8.901252332293249765e+02 4.314790559491637321e-06
9.066906152798480889e+02 4.121836678928970185e-06
9.235642819090334115e+02 3.937511537006302582e-06
9.407519703453433522e+02 3.761429263637476632e-06
9.582595245880372659e+02 3.593221244528818495e-06
9.760928973942062612e+02 3.432535349514313291e-06
9.942581523027528192e+02 3.279035195398988252e-06
1.012761465696070786e+03 3.132399441767335460e-06
1.031609128900091264e+03 2.992321118282602672e-06
1.050807550323381065e+03 2.858506982068707027e-06
1.070363257636080789e+03 2.730676903829493575e-06
1.090282899989394082e+03 2.608563281420245653e-06
1.110573250276348517e+03 2.491910479643785931e-06
1.131241207434663920e+03 2.380474295098434913e-06
1.152293798792475627e+03 2.274021444957537740e-06
1.173738182457676430e+03 2.172329078610333999e-06
1.195581649751781242e+03 2.075184311141858959e-06
1.217831627689025254e+03 1.982383777675232838e-06
1.240495681501643958e+03 1.893733207643397588e-06
1.263581517212144263e+03 1.809047018099070931e-06
1.287096984253409801e+03 1.728147925211544483e-06
1.311050078137605851e+03 1.650866573137024012e-06
1.335448943174753595e+03 1.577041179485585652e-06
1.360301875241855214e+03 1.506517196642552218e-06
1.385617324603595534e+03 1.439146988235306069e-06
1.411403898785538104e+03 1.374789520068231730e-06
1.437670365500746357e+03 1.313310064878799084e-06
1.464425655630915571e+03 1.254579920296711435e-06
1.491678866262984911e+03 1.198476139415682258e-06
1.519439263782213857e+03 1.144881273413828088e-06
1.547716287022867618e+03 1.093683125683859558e-06
1.576519550477540179e+03 1.044774516958371221e-06
1.605858847566151326e+03 9.980530609385326254e-07
1.635744153965832766e+03 9.534209499564812755e-07
1.666185631002781292e+03 9.107847502227168106e-07
1.697193629107186780e+03 8.700552062298614194e-07
1.728778691332505332e+03 8.311470539033245118e-07
1.760951556940230603e+03 7.939788421077165989e-07
1.793723165051320620e+03 7.584727621353466554e-07
1.827104658365636624e+03 7.245544848198557624e-07
1.861107386950599448e+03 6.921530049339938018e-07
1.895742912100289004e+03 6.612004925458002936e-07
1.931023010266462734e+03 6.316321510220137174e-07
1.966959677062628089e+03 6.033860813814514708e-07
2.003565131342702216e+03 5.764031527143947862e-07
2.040851819355571934e+03 5.506268783967134448e-07
2.078832418976914596e+03 5.260032978395912538e-07
2.117519844019828270e+03 5.024808635273061643e-07
2.156927248625695483e+03 4.800103331065904790e-07
2.197068031736682769e+03 4.585446663016628038e-07
2.237955841651551509e+03 4.380389264391366532e-07
2.279604580666249603e+03 4.184501863766539833e-07
2.322028409800792815e+03 3.997374386383119343e-07
2.365241753614189747e+03 3.818615095687603637e-07
2.409259305108970693e+03 3.647849773262565670e-07
2.454096030726919707e+03 3.484720935430032475e-07
2.499767175437846618e+03 3.328887084887721931e-07
2.546288267923070634e+03 3.180021995811484563e-07
2.593675125855287206e+03 3.037814030927377645e-07
2.641943861276768985e+03 2.901965489123713377e-07
2.691110886077668511e+03 2.772191982237360694e-07
2.741192917576176114e+03 2.648221839709647624e-07
2.792206984202617605e+03 2.529795539865563195e-07
2.844170431289335738e+03 2.416665166625685809e-07
2.897100926968228123e+03 2.308593890513505496e-07
2.951016468178134801e+03 2.205355472871669941e-07
3.005935386784020466e+03 2.106733792249276354e-07
3.061876355809943107e+03 2.012522391968727457e-07
3.118858395788117832e+03 1.922524047925030073e-07
3.176900881226131787e+03 1.836550355712750520e-07
3.236023547194411549e+03 1.754421336216316000e-07
3.296246496036447752e+03 1.675965058837985905e-07
3.357590204203729172e+03 1.601017281574764539e-07
3.420075529217989242e+03 1.529421107190777904e-07
3.483723716763029188e+03 1.461026654765332688e-07
3.548556407908401525e+03 1.395690745929081616e-07
3.614595646467646020e+03 1.333276605131445754e-07
3.681863886493463269e+03 1.273653573311833979e-07
3.750383999912252420e+03 1.216696834375244846e-07
3.820179284300859308e+03 1.162287153899658425e-07
3.891273470808036109e+03 1.110310629528218269e-07
3.963690732223213217e+03 1.060658452523666889e-07
4.037455691195541931e+03 1.013226679985871227e-07
4.112593428605908230e+03 9.679160172555958763e-08
4.189129492094616580e+03 9.246316100489962293e-08
4.267089904747903347e+03 8.832828458876875665e-08
4.346501173946113340e+03 8.437831644086993976e-08
4.427390300376404412e+03 8.060498761572093365e-08
4.509784787213315212e+03 7.700039894827206130e-08
4.593712649470190627e+03 7.355700451762947336e-08
4.679202423524494407e+03 7.026759585026778351e-08
4.766283176820528752e+03 6.712528682966129980e-08
4.854984517752728607e+03 6.412349928074461826e-08
4.945336605732741191e+03 6.125594919902411853e-08
5.037370161443991492e+03 5.851663359551223034e-08
5.131116477287104317e+03 5.589981792994533194e-08
5.226607428019535291e+03 5.340002410597807842e-08
5.323875481593472614e+03 5.101201900322229520e-08
5.422953710195160056e+03 4.873080352212419946e-08
5.523875801489859441e+03 4.655160211874517605e-08
5.626676070076069664e+03 4.446985280753887768e-08
5.731389469152747552e+03 4.248119761119577559e-08
5.838051602403835204e+03 4.058147343756276784e-08
5.946698736103943702e+03 3.876670336453955502e-08
6.057367811449170404e+03 3.703308831470709742e-08
6.170096457117555474e+03 3.537699910226000082e-08
6.284923002063304011e+03 3.379496883559340558e-08
6.401886488548915622e+03 3.228368565964003861e-08
6.521026685420037211e+03 3.083998582276387379e-08
6.642384101627370001e+03 2.946084705369670981e-08
6.766000000000011823e+03 2.814338223465257317e-08
