4.577875599999999576e-05 8.977232454995889839e+02
4.750026702428463072e-05 9.303211931746116079e+02
4.928651550466644230e-05 9.641024728863537803e+02
5.113993589446161911e-05 9.991100225139091435e+02
5.306305419465144867e-05 1.035388337124082227e+03
5.505849139653402582e-05 1.072983525407396428e+03
5.712896705383703239e-05 1.111943368157882105e+03
5.927730298915981870e-05 1.152317378870588982e+03
6.150642713979639627e-05 1.194156866533466882e+03
6.381937754818055135e-05 1.237515000692953890e+03
6.621930650239187790e-05 1.282446878875602124e+03
6.870948483236550750e-05 1.329009593140682682e+03
7.129330636766093271e-05 1.377262184394655833e+03
7.397429256286533895e-05 1.427265665037576355e+03
7.675609729693511139e-05 1.479083218044672321e+03
7.964251185301734885e-05 1.532780282310734947e+03
8.263747008553656587e-05 1.588424631893412197e+03
8.574505378159075295e-05 1.646086474656497330e+03
8.896949822396237940e-05 1.705838648363591801e+03
9.231519796332670691e-05 1.767756658688585730e+03
9.578671280752397812e-05 1.831918722926753617e+03
9.938877403605841118e-05 1.898405866327005697e+03
1.031262908482935168e-04 1.967302021804584911e+03
1.070043570541318875e-04 2.038694074538108225e+03
1.110282580162981952e-04 2.112671880550458354e+03
1.152034778536868784e-04 2.189328475798299678e+03
1.195357069155917376e-04 2.268760205302606209e+03
1.240308495370043458e-04 2.351066838854556863e+03
1.286950320855502678e-04 2.436351684403215586e+03
1.335346113110306987e-04 2.524721612714144612e+03
1.385561830089488897e-04 2.616287187213529705e+03
1.437665910098282407e-04 2.711162866914845381e+03
1.491729365065743709e-04 2.809467142729829447e+03
1.547825877325923404e-04 2.911322675994011661e+03
1.606031900038502663e-04 3.016856380778375296e+03
1.666426761385741062e-04 3.126199348379655476e+03
1.729092772687760887e-04 3.239487156788146422e+03
1.794115340583508542e-04 3.356860090646380741e+03
1.861583083430270980e-04 3.478463298445905366e+03
1.931587952080414741e-04 3.604446949581764784e+03
2.004225355199927300e-04 3.734966140641907714e+03
2.079594289299566221e-04 3.870180896649198075e+03
2.157797473655833286e-04 4.010256653550790816e+03
2.238941490305652946e-04 4.155364460296595098e+03
2.323136929305555690e-04 4.305681157953678849e+03
2.410498539453334067e-04 4.461389483650957118e+03
2.501145384677588368e-04 4.622677597836404857e+03
2.595201006308308798e-04 4.789739510666284332e+03
2.692793591449642375e-04 4.962775604623172512e+03
2.794056147684319475e-04 5.141992827284710984e+03
2.899126684347849790e-04 5.327604884967854559e+03
3.008148400619531566e-04 5.519831965051168481e+03
3.121269880686633187e-04 5.718900023319130923e+03
3.238645296247720322e-04 5.925041893334367160e+03
3.360434616631131281e-04 6.138497671364269081e+03
3.486803826814959505e-04 6.359514907087795109e+03
3.617925153645679646e-04 6.588348721313646820e+03
3.753977300563732895e-04 6.825260443766361277e+03
3.895145691155970269e-04 7.070517622792127440e+03
4.041622721866891055e-04 7.324395496666989857e+03
4.193608024213095432e-04 7.587177210889235539e+03
4.351308736858308657e-04 7.859153980408016650e+03
4.514939787919801601e-04 8.140624598899194098e+03
4.684724187890941115e-04 8.431892639331179453e+03
4.860893333579109784e-04 8.733268440480667778e+03
5.043687323473200956e-04 9.045070227701056865e+03
5.233355284970532930e-04 9.367624201678005193e+03
5.430155713909122234e-04 9.701264585110367989e+03
5.634356826868083855e-04 1.004633090451082717e+04
5.846236926716291910e-04 1.040316553561196633e+04
6.066084781907506857e-04 1.077211747929548983e+04
6.294200020038896769e-04 1.115354274281053949e+04
6.530893536209355201e-04 1.154780427612381027e+04
6.776487916734104085e-04 1.195527124818310040e+04
7.031317878793128581e-04 1.237631235239355010e+04
7.295730726612583740e-04 1.281129733681325888e+04
7.570086824800915243e-04 1.326060058167666466e+04
7.854760089484792316e-04 1.372460085778924076e+04
8.150138497914216499e-04 1.420368099871781669e+04
8.456624617231349407e-04 1.469822400527043828e+04
8.774636153123686411e-04 1.520860408285676021e+04
9.104606519109360212e-04 1.573519382133217186e+04
9.446985427230422889e-04 1.627836562973778018e+04
9.802239500959148213e-04 1.683849105274832982e+04
1.017085291115271250e-03 1.741593966617986734e+04
1.055332803592296193e-03 1.801106803287109142e+04
1.095018614532054704e-03 1.862421606346292901e+04
1.136196811176669146e-03 1.925571576605330847e+04
1.178923514720069642e-03 1.990589064519895692e+04
1.223256956794794908e-03 2.057505449630745352e+04
1.269257558835075418e-03 2.126350716311698125e+04
1.316988014424370825e-03 2.197151663247413308e+04
1.366513374739584822e-03 2.269932666143323149e+04
1.417901137208416127e-03 2.344716173860066920e+04
1.471221337500665640e-03 2.421522534534427905e+04
1.526546644978880353e-03 2.500369806670220714e+04
1.583952461738423988e-03 2.581272511563064472e+04
1.643517025371945802e-03 2.664240188818828392e+04
1.705321515598314137e-03 2.749278831490871744e+04
1.769450164901328155e-03 2.836390891572503097e+04
1.835990373329007917e-03 2.925575048133008386e+04
1.905032827609904949e-03 3.016825813492455563e+04
1.976671624748791052e-03 3.110131263741001385e+04
2.051004400270163303e-03 3.205473117534095582e+04
2.128132461284345384e-03 3.302827840791720519e+04
2.208160924557549688e-03 3.402166413824080519e+04
2.291198859774058738e-03 3.503454070160668198e+04
2.377359438185787897e-03 3.606649287906885002e+04
2.466760086851818405e-03 3.711701285379548062e+04
2.559522648678110197e-03 3.818551645553425624e+04
2.655773548475508228e-03 3.927134689262759639e+04
2.755643965262371230e-03 4.037377230426860478e+04
2.859270011046634221e-03 4.149198288353456155e+04
2.966792916330980492e-03 4.262506746221290086e+04
3.078359222593940805e-03 4.377200254144555947e+04
3.194120982009240797e-03 4.493167403172270861e+04
3.314235964675606334e-03 4.610287731190478371e+04
3.438867873639442439e-03 4.728431588187401940e+04
3.568186568003451232e-03 4.847459400040354376e+04
3.702368294425249957e-03 4.967217317485205422e+04
3.841595927321499269e-03 5.087539318795617146e+04
3.986059218104911865e-03 5.208249242910789326e+04
4.135955053793822882e-03 5.329160853530040185e+04
4.291487725346798329e-03 5.450077931190005620e+04
4.452869206087923561e-03 5.570790690258380346e+04
4.620319440602332732e-03 5.691070493068292126e+04
4.794066644495630081e-03 5.810677027344676026e+04
4.974347615425780272e-03 5.929359864085073059e+04
5.161408055831357040e-03 6.046858904905025702e+04
5.355502907795992723e-03 6.162904055350399722e+04
5.556896700505415364e-03 6.277202103218656703e+04
5.765863910770606914e-03 6.389438692346199969e+04
5.982689337108458572e-03 6.499290162675691681e+04
6.207668487889715127e-03 6.606424891864620440e+04
6.441107984083242581e-03 6.710504405407246668e+04
6.683325977145506379e-03 6.811176536693498201e+04
6.934652582624778634e-03 6.908047651436354499e+04
7.195430330071047806e-03 7.000708455664398207e+04
7.466014629864806129e-03 7.088745762751574512e+04
7.746774257600924640e-03 7.171744574861756701e+04
8.038091856687809914e-03 7.249289632241091749e+04
8.340364459846798945e-03 7.320931347706944507e+04
8.654004030222584715e-03 7.386168600347528991e+04
8.979438022842040068e-03 7.444500960095117625e+04
9.317109967186772146e-03 7.495436779597343411e+04
9.667480071673322656e-03 7.538497121818960295e+04
1.003102585086482375e-02 7.573211295076952956e+04
1.040824277626899684e-02 7.599051778255400131e+04
1.079964495160940993e-02 7.615474302148644347e+04
1.120576581349030931e-02 7.621964229089397122e+04
1.162715885840999788e-02 7.618043075645924546e+04
1.206439839711352831e-02 7.603274711552385997e+04
1.251808033731288163e-02 7.577263311228329258e+04
1.298882299584131969e-02 7.539645279484028288e+04
1.347726794134885241e-02 7.490114605097023014e+04
1.398408086868724136e-02 7.428432866653856763e+04
1.450995250617631918e-02 7.354434947446479055e+04
1.505559955698802972e-02 7.268042735649048700e+04
1.562176567593126855e-02 7.169440738979328307e+04
1.620922248296872981e-02 7.059058946852282679e+04
1.681877061484703811e-02 6.937397195950384776e+04
1.745124081627351387e-02 6.805014200114419509e+04
1.810749507212661841e-02 6.662523212764579512e+04
1.878842778224319721e-02 6.510693107095830783e+04
1.949496698038364478e-02 6.350879554363760690e+04
2.022807559903626318e-02 6.184586316938467644e+04
2.098875278178460521e-02 6.013253805841342546e+04
2.177803524502642044e-02 5.838247318391796580e+04
2.259699869090013927e-02 5.660850791805745394e+04
2.344675927334431698e-02 5.482484572243074945e+04
2.432847511928845283e-02 5.304825312704397220e+04
2.524334790704811649e-02 5.129408596473558282e+04
2.619262450407568513e-02 4.957590181627404672e+04
2.717759866629875301e-02 4.790553017045553861e+04
2.819961280136210752e-02 4.629308035241872130e+04
2.926005979817658878e-02 4.474617090559641656e+04
3.036038492526803648e-02 4.327060378169561591e+04
3.150208780051379914e-02 4.187117376825596875e+04
3.268672443495110325e-02 4.055180962914272095e+04
3.391590935344303975e-02 3.931570635100750951e+04
3.519131779509204749e-02 3.816367249601522781e+04
3.651468799640016083e-02 3.709048564760274166e+04
3.788782356028740778e-02 3.608917453272135754e+04
3.931259591419727223e-02 3.515005144290858880e+04
4.079094686063927666e-02 3.425915467692642414e+04
4.232489122364466172e-02 3.339834136902814498e+04
4.391651959474221489e-02 3.254552339462656528e+04
4.556800118219645618e-02 3.167552039436255291e+04
4.728158676739160904e-02 3.076141671743775441e+04
4.905961177239032134e-02 2.977692273280053632e+04
5.090449944284807654e-02 2.869986188128709910e+04
5.281876415062113084e-02 2.751569947714920272e+04
5.480501482056903545e-02 2.622114608971121561e+04
5.686595848622241767e-02 2.482756623572410535e+04
5.900440397916119351e-02 2.336182710629643043e+04
6.122326575713239738e-02 2.186458787694722560e+04
6.352556787612424760e-02 2.038691576568517485e+04
6.591444811181020047e-02 1.898387905906483866e+04
6.839316223597989575e-02 1.770576877466406586e+04
7.096508845378553254e-02 1.659101056625372439e+04
7.363373200785076900e-02 1.565958318861509542e+04
7.640272995551748714e-02 1.490732207622351962e+04
7.927585612574072904e-02 1.430589699215816836e+04
8.225702626238806658e-02 1.380500966127257016e+04
8.535030336095254799e-02 1.333782786153617417e+04
8.855990320595308329e-02 1.283564543528408831e+04
9.189020011656873210e-02 1.224434995316532695e+04
9.534573290833778247e-02 1.154006556071679734e+04
9.893121107904651046e-02 1.074110838290707397e+04
1.026515212272385708e-01 9.903273398360368446e+03
1.065117337120924379e-01 9.100300174897132820e+03
1.105171095637437068e-01 8.400866379825716649e+03
1.146731076534702465e-01 7.843230585360660370e+03
1.189853921335121967e-01 7.421510526927448154e+03
1.234598401566666531e-01 7.091126448201264793e+03
1.281025498861778911e-01 6.781267550042844050e+03
1.329198488068394080e-01 6.427755817975589707e+03
1.379183023486355020e-01 6.005131702854016112e+03
1.431047228346747080e-01 5.536897913316821359e+03
1.484861787656110710e-01 5.083151059080045343e+03
1.540700044532050672e-01 4.699228126981056448e+03
1.598638100161560438e-01 4.401200982769519214e+03
1.658754917518273919e-01 4.162650991389604314e+03
1.721132428980010620e-01 3.930018244721642532e+03
1.785855647993277173e-01 3.669183776358261184e+03
1.853012784936915180e-01 3.386818734714154289e+03
1.922695367342807937e-01 3.119793249718509287e+03
1.994998364637484145e-01 2.898299262929866927e+03
2.070020317574633173e-01 2.714598818715182460e+03
2.147863472534936036e-01 2.541409226830915941e+03
2.228633920876240126e-01 2.358228233646056196e+03
2.312441743524000781e-01 2.176981146163702761e+03
2.399401160999053151e-01 2.015721287945594895e+03
2.489630689087173332e-01 1.877146576620710221e+03
2.583253300362606808e-01 1.746009991485969522e+03
2.680396591785682570e-01 1.615919377840204788e+03
2.781192958602946019e-01 1.493651428836667037e+03
2.885779774786805252e-01 1.385010608548740493e+03
2.994299580260617044e-01 1.284265178657435399e+03
3.106900275164373171e-01 1.187904687147460436e+03
3.223735321425753031e-01 1.097905234669772881e+03
3.344963951911260613e-01 1.016256406091939766e+03
3.470751387442490010e-01 9.395870018866263536e+02
3.601269061973301766e-01 8.680108339740870633e+02
3.736694856234771267e-01 8.019194934381540634e+02
3.877213340166397737e-01 7.406977291184714431e+02
4.023016024463889062e-01 6.837160366807520404e+02
4.174301621586455902e-01 6.309395309466798381e+02
4.331276316579265595e-01 5.821414882050690949e+02
4.494154048080185593e-01 5.368378420206312285e+02
4.663156799893788396e-01 4.949287844614489700e+02
4.838514903530002353e-01 4.561709662622832298e+02
5.020467352119746263e-01 4.202926842003261072e+02
5.209262126135343340e-01 3.871082268488021327e+02
5.405156531359688321e-01 3.564526952978798704e+02
5.608417549564720384e-01 3.281277328792599519e+02
5.819322202377197328e-01 3.019501722422908756e+02
6.038157928827621035e-01 2.777810765102387336e+02
6.265222977096918111e-01 2.554784065915231679e+02
6.500826810994756455e-01 2.349012411428370797e+02
6.745290531723484584e-01 2.159189323310391728e+02
6.998947315502509481e-01 1.984152341205878258e+02
7.262142867649554745e-01 1.822806800696360483e+02
7.535235893737652901e-01 1.674129382672494160e+02
7.818598588470000443e-01 1.537168812103837467e+02
8.112617142938962633e-01 1.411041191689590732e+02
8.417692270960570600e-01 1.294925599723894720e+02
8.734239755201821387e-01 1.188059942478160451e+02
9.062691013845132204e-01 1.089737049314934723e+02
9.403493688562193364e-01 9.993009990286982713e+01
9.757112254598604428e-01 9.161436662101333184e+01
1.012402865380076067e+00 8.397014767483906894e+01
1.050474295144772086e+00 7.694523619173287443e+01
1.089977401778323696e+00 7.049129008335454216e+01
1.130966023517684604e+00 6.456356414235185071e+01
1.173496023187772908e+00 5.912065903918728793e+01
1.217625364336141436e+00 5.412428630403670837e+01
1.263414190230695011e+00 4.953904841456493102e+01
1.310924905828117160e+00 4.533223314614044597e+01
1.360222262824720474e+00 4.147362133452036659e+01
1.411373447905637457e+00 3.793529971222144326e+01
1.464448174312623197e+00 3.469148814896665556e+01
1.519518776855264264e+00 3.171840172637220689e+01
1.576660310495099804e+00 2.899410594273921049e+01
1.635950652636973146e+00 2.649837942502302113e+01
1.697470609267078823e+00 2.421258620852222165e+01
1.761304025082319091e+00 2.211955697368952301e+01
1.827537897761080998e+00 2.020347866339310272e+01
1.896262496531166741e+00 1.844979193645518833e+01
1.967571485196474956e+00 1.684509594437601621e+01
2.041562049790099920e+00 1.537705994784181129e+01
2.118335031027833715e+00 1.403434131793908968e+01
2.197995061742576972e+00 1.280650949398676808e+01
2.280650709486980787e+00 1.168397549558227411e+01
2.366414624498660135e+00 1.065792661087630755e+01
2.455403693229641249e+00 9.720265906277868240e+00
2.547739197649289800e+00 8.863556224786968585e+00
2.643546980537827551e+00 8.080968360995845146e+00
2.742957616995711945e+00 7.366233046146691166e+00
2.846106592402636970e+00 6.713595099414989775e+00
2.953134487068675984e+00 6.117773134912504851e+00
3.064187167829242497e+00 5.573923553776936046e+00
3.179415986844977837e+00 5.077605436244886583e+00
3.298977987877519169e+00 4.624748067199169199e+00
3.423036120322259901e+00 4.211620984312312466e+00
3.551759461289831332e+00 3.834806361914811390e+00
3.685323446038951012e+00 3.491173556718905946e+00
3.823910107074708797e+00 3.177855653702904348e+00
3.967708322238146845e+00 2.892227861853152504e+00
4.116914072125252844e+00 2.631887620114492510e+00
4.271730707186200071e+00 2.394636283857536352e+00
4.432369224868860869e+00 2.178462271472415335e+00
4.599048557184305608e+00 1.981525559382190105e+00
4.771995869086208764e+00 1.802143421871350126e+00
4.951446868070816798e+00 1.638777319680586375e+00
5.137646125419433218e+00 1.490020848361395478e+00
5.330847409521228819e+00 1.354588663944415128e+00
5.531314031730664382e+00 1.231306259798679026e+00
5.739319205230891896e+00 1.119100334146323483e+00
5.955146417392215064e+00 1.016990541565610195e+00
6.179089816133104485e+00 9.240817963151924941e-01
6.411454610810312538e+00 8.395570089183523876e-01
6.652557488184491774e+00 7.626704257024983225e-01
6.902727044028186043e+00 6.927415237136570481e-01
7.162304230964462448e+00 6.291494159940215214e-01
7.431642823146516363e+00 5.713277257350969363e-01
7.711109898411567798e+00 5.187598910791049178e-01
8.001086338566166134e+00 4.709748653557802034e-01
8.301967348484712517e+00 4.275431803280993481e-01
8.614162994728737033e+00 3.880733425951502502e-01
8.938098764420910669e+00 3.522085356785764065e-01
9.274216145135566691e+00 3.196236025150386295e-01
9.622973226596002405e+00 2.900222851042483230e-01
9.984845324998588012e+00 2.631346999326568126e-01
1.036032563081471736e+01 2.387150295184186088e-01
1.074992588095314616e+01 2.165394120101740427e-01
1.115417705619922550e+01 1.964039963911671793e-01
1.157363010488123045e+01 1.781231544080618123e-01
1.200885669375021259e+01 1.615279246654744982e-01
1.246044998709670182e+01 1.464645483215044619e-01
1.292902545516608903e+01 1.327931205580075158e-01
1.341522171297451393e+01 1.203863597361328336e-01
1.391970139066842371e+01 1.091284841577288417e-01
1.444315203661401803e+01 9.891418719790920355e-02
1.498628705444739850e+01 8.964770234976984775e-02
1.554984667536250953e+01 8.124195043438670050e-02
1.613459896696195983e+01 7.361776188289445577e-02
1.674134088004575815e+01 6.670316759728138478e-02
1.737089933476448778e+01 6.043275244686391323e-02
1.802413234761733918e+01 5.474706596217864679e-02
1.870193020083092605e+01 4.959208525092998615e-02
1.940521665571257515e+01 4.491872558502745666e-02
2.013495021163184973e+01 4.068239449676201019e-02
2.089212541234605069e+01 3.684258557866847833e-02
2.167777420145012712e+01 3.336250843481427392e-02
2.249296732879830785e+01 3.020874840757481125e-02
2.333881580981426396e+01 2.735095995924547579e-02
2.421647243967864327e+01 2.476159302569768544e-02
2.512713336445763446e+01 2.241563856502760271e-02
2.607203971131389153e+01 2.029039659251278757e-02
2.705247928002155433e+01 1.836526514806497215e-02
2.806978829809073517e+01 1.662154833157873657e-02
2.912535324189346753e+01 1.504228170525854710e-02
3.022061272627315986e+01 1.361207351155647657e-02
3.135705946521284204e+01 1.231696029196762202e-02
3.253624230623439928e+01 1.114427561670683700e-02
3.375976834130137405e+01 1.008253074923759832e-02
3.502930509710237317e+01 9.121306173662382250e-03
3.634658280770008787e+01 8.251153007962972949e-03
3.771339677264334256e+01 7.463503412770511151e-03
3.913160980375598541e+01 6.750589184462287874e-03
4.060315476393730449e+01 6.105367793572991607e-03
4.213003720143414199e+01 5.521455195371101007e-03
4.371433808317480185e+01 4.993064753140189285e-03
4.535821663089005540e+01 4.514951338723308637e-03
4.706391326388654051e+01 4.082361397333174671e-03
4.883375265248321284e+01 3.690987642518592324e-03
5.067014688627232033e+01 3.336927492986464534e-03
5.257559876152291878e+01 3.016645339857821229e-03
5.455270519220719905e+01 2.726938302040286376e-03
5.660416074929865715e+01 2.464905150292171811e-03
5.873276133316549874e+01 2.227918109501462757e-03
6.094140798406448312e+01 2.013597275057669566e-03
6.323311083592866311e+01 1.819787403185274023e-03
6.561099321883695268e+01 1.644536856943772715e-03
6.807829591575803363e+01 1.486078509471742406e-03
7.063838157936777407e+01 1.342812424136356330e-03
7.329473931496254124e+01 1.213290147702651657e-03
7.605098943571235282e+01 1.096200467606065062e-03
7.891088839673552968e+01 9.903564980274573437e-04
8.187833391471932032e+01 8.946839718544721820e-04
8.495737028006413993e+01 8.082106268756685235e-04
8.815219386879080332e+01 7.300565701984014933e-04
9.146715886172331977e+01 6.594255130214096922e-04
9.490678317874167647e+01 5.955969383772938318e-04
9.847575463619224934e+01 5.379189571305112091e-04
1.021789373358478201e+02 4.858018106588879513e-04
1.060213782941244176e+02 4.387119846192013249e-04
1.100083143205902019e+02 3.961668767409731577e-04
1.141451791551406387e+02 3.577299668723948000e-04
1.184376108735673654e+02 3.230064423035213135e-04
1.228914595716136517e+02 2.916392357515245888e-04
1.275127953379888481e+02 2.633054373513658711e-04
1.323079165272080786e+02 2.377130455890618418e-04
1.372833583435326545e+02 2.145980253772115703e-04
1.424459017477092289e+02 1.937216444338741542e-04
1.478025826986473987e+02 1.748680618137334736e-04
1.533607017426306527e+02 1.578421448798614690e-04
1.591278339631297172e+02 1.424674932180083897e-04
1.651118393047790676e+02 1.285846500039785126e-04
1.713208732855864298e+02 1.160494831359695447e-04
1.777633981119755049e+02 1.047317169103213611e-04
1.844481942118097209e+02 9.451360446549762892e-05
1.913843722011160082e+02 8.528873578630920054e-05
1.985813853008169758e+02 7.696095234061317060e-05
2.060490422203949379e+02 6.944336418533102716e-05
2.137975205260460996e+02 6.265746082242570328e-05
2.218373805115447794e+02 5.653230691286385720e-05
2.301795795907213176e+02 5.100381479489734371e-05
2.388354872311698216e+02 4.601408651275299262e-05
2.478169004495380250e+02 4.151081875038664209e-05
2.571360598895176395e+02 3.744676468893133744e-05
2.668056665044488227e+02 3.377924737187440490e-05
2.768388988672726327e+02 3.046971967430207805e-05
2.872494311314264905e+02 2.748336643669157525e-05
2.980514516671579486e+02 2.478874474421778999e-05
3.092596823986581285e+02 2.235745871345052102e-05
3.208893988683685734e+02 2.016386549334337556e-05
3.329564510558059851e+02 1.818480949992387725e-05
3.454772849792803413e+02 1.639938215998564675e-05
3.584689651099452021e+02 1.478870426337962013e-05
3.719491976287290527e+02 1.333572998841190874e-05
3.859363545578443109e+02 1.202507015056335971e-05
4.004494987997620115e+02 1.084283185343839207e-05
4.155084101177769753e+02 9.776473571501099891e-06
4.311336120935739586e+02 8.814674209493559751e-06
4.473464000985320013e+02 7.947214796592318921e-06
4.641688703168940719e+02 7.164871601583933084e-06
4.816239498603459879e+02 6.459319571375493185e-06
4.997354280150624390e+02 5.823045100154793259e-06
5.185279886637948721e+02 5.249267231521830007e-06
5.380272439271939220e+02 4.731866481871880049e-06
5.582597690702131104e+02 4.265320551080475079e-06
5.792531387211701031e+02 3.844646256895547266e-06
6.010359644528253966e+02 3.465347093087582923e-06
6.236379337766986737e+02 3.123365868978167930e-06
6.470898506037673314e+02 2.815041940041368913e-06
6.714236772266900743e+02 2.537072586369591925e-06
6.966725778807723373e+02 2.286478127586760481e-06
7.228709639430441030e+02 2.060570374951471807e-06
7.500545408310488256e+02 1.856924271623391277e-06
7.782603566652624068e+02 1.673352257979564877e-06
8.075268527614633740e+02 1.507881088186210244e-06
8.378939160218701545e+02 1.358730901801337826e-06
8.694029332964475998e+02 1.224296332052413876e-06
9.020968477884716776e+02 1.103129453316294259e-06
9.360202175812258929e+02 9.939243894000604191e-07
9.712192763655968974e+02 8.955034214588661896e-07
1.007741996451330920e+03 8.068044499659864331e-07
1.045638154147830392e+03 7.268696792289836015e-07
1.084959397603596472e+03 6.548354056694115812e-07
1.125759317196776465e+03 5.899228025803082850e-07
1.168093518572746461e+03 5.314296044648992552e-07
1.212019698428275888e+03 4.787226034465251778e-07
1.257597723145557666e+03 4.312308787212132831e-07
1.304889710383269403e+03 3.884396876865695225e-07
1.353960113735872255e+03 3.498849543019888231e-07
1.404875810576519825e+03 3.151482936641850714e-07
1.457706193203305702e+03 2.838525218210926462e-07
1.512523263413065706e+03 2.556576182771894568e-07
1.569401730631627743e+03 2.302570761728065594e-07
1.628419113734255689e+03 2.073746081000886654e-07
1.689655846695049604e+03 1.867611747753539055e-07
1.753195388209294833e+03 1.681923050230133520e-07
1.819124335438163826e+03 1.514656785981840752e-07
1.887532542030786090e+03 1.363989461490315481e-07
1.958513240584543382e+03 1.228277631244921979e-07
2.032163169710483089e+03 1.106040166943269168e-07
2.108582705877036005e+03 9.959422679007070705e-08
2.187876000211710107e+03 8.967810421862685093e-08
2.270151120447223093e+03 8.074725046416809474e-08
2.355520198205518227e+03 7.270398529610270613e-08
2.444099581820395997e+03 6.546028965676604860e-08
2.536009994907053169e+03 5.893685252640481738e-08
2.631376700894618352e+03 5.306221156774650430e-08
2.730329673745951368e+03 4.777197833662523869e-08
2.833003775097353810e+03 4.300813924745708063e-08
2.939538938059619795e+03 3.871842593166801231e-08
3.050080357930958144e+03 3.485574844872840630e-08
3.164778690081620880e+03 3.137768350448949447e-08
3.283790255280041492e+03 2.824601306311906662e-08
3.407277252740239419e+03 2.542630846343534749e-08
3.535407981180885145e+03 2.288755556348785749e-08
3.668357068197289664e+03 2.060181687632242578e-08
3.806305708258938921e+03 1.854392705602037392e-08
3.949441909656926327e+03 1.669121845048572180e-08
4.097960750737844137e+03 1.502327375985548841e-08
4.252064645773369193e+03 1.352170313025753217e-08
4.411963620827863451e+03 1.216994327498547023e-08
4.577875600000000304e+03 1.095307645181821670e-08
