1.477978125923736462e-04 5.915022698198172293e+02
1.533557522564161872e-04 6.129686081807495839e+02
1.591226983513883129e-04 6.352125804705569863e+02
1.651065105682566060e-04 6.582621780779318215e+02
1.713153441618217175e-04 6.821463856687504403e+02
1.777576610654023012e-04 7.068952187245067762e+02
1.844422414234867728e-04 7.325397595814660008e+02
1.913781955580704929e-04 7.591121905525295688e+02
1.985749763849876449e-04 7.866457983800968350e+02
2.060423922971591436e-04 8.151750260313531271e+02
2.137906205323155794e-04 8.447355304330235413e+02
2.218302210434136437e-04 8.753642243776922669e+02
2.301721508906495891e-04 9.070993196127864167e+02
2.388277791746850817e-04 9.399803412335987787e+02
2.478089025314364913e-04 9.740481159024994895e+02
2.571277612095478212e-04 1.009344876233284481e+03
2.667970557524546689e-04 1.045914320656465634e+03
2.768299643077795440e-04 1.083801662360480805e+03
2.872401605876470968e-04 1.123053674807954621e+03
2.980418325043964487e-04 1.163718642511895496e+03
3.092497015070909080e-04 1.205846402471881675e+03
3.208790426451766037e-04 1.249488481635582730e+03
3.329457053866362185e-04 1.294698154621823051e+03
3.454661352190090064e-04 1.341530499462379112e+03
3.584573960627184972e-04 1.390042409248143031e+03
3.719371935272526813e-04 1.440292444323305290e+03
3.859238990418946804e-04 1.492341020274642233e+03
4.004365748938888410e-04 1.546250537001317070e+03
4.154950002081679475e-04 1.602085437770558428e+03
4.311196979040491034e-04 1.659912266971208282e+03
4.473319626656358764e-04 1.719799520009960816e+03
4.641538899640485004e-04 1.781817515486910906e+03
4.816084061710355132e-04 1.846038740615539382e+03
4.997192998050082159e-04 1.912537941894969208e+03
5.185112539520828154e-04 1.981392184342431619e+03
5.380098799063170708e-04 2.052680857521993858e+03
5.582417520749873669e-04 2.126485183307429452e+03
5.792344441964827418e-04 2.202888414500618637e+03
6.010165669201676100e-04 2.281976206434756023e+03
6.236178067994419547e-04 2.363836671966692393e+03
6.470689667511331320e-04 2.448560431591635279e+03
6.714020080363646307e-04 2.536240328396294899e+03
6.966500938201163279e-04 2.626970666319385145e+03
7.228476343688427065e-04 2.720847972999520152e+03
7.500303339477484149e-04 2.817971223688127793e+03
7.782352394816369461e-04 2.918441868269502720e+03
8.075007910456512413e-04 3.022363815045711817e+03
8.378668742547197698e-04 3.129842333097833034e+03
8.693748746231089782e-04 3.240983759541211839e+03
9.020677339681674881e-04 3.355896555176091624e+03
9.359900089351337084e-04 3.474691347998430956e+03
9.711879317227712933e-04 3.597480912698741577e+03
1.007709473092592307e-03 3.724379761606957800e+03
1.045604407747543520e-03 3.855501979002461667e+03
1.084924382169259911e-03 3.990962321704451824e+03
1.125722985006339305e-03 4.130876982392528589e+03
1.168055820109569539e-03 4.275363497487555833e+03
1.211980582313646393e-03 4.424540632193959937e+03
1.257557136068664224e-03 4.578526632379000148e+03
1.304847597028547298e-03 4.737437154425293556e+03
1.353916416707613007e-03 4.901387608769460712e+03
1.404830470320649104e-03 5.070493315591357714e+03
1.457659147926217104e-03 5.244869290893544530e+03
1.512474448997402172e-03 5.424629725523087473e+03
1.569351080548898360e-03 5.609883985354508695e+03
1.628366558954164002e-03 5.800736885476402676e+03
1.689601315591413456e-03 5.997290849455921489e+03
1.753138806462428527e-03 6.199645606147631952e+03
1.819065625933588082e-03 6.407897813413281256e+03
1.887471624754130531e-03 6.622139082661757129e+03
1.958450032512494467e-03 6.842450791347338054e+03
2.032097584697634129e-03 7.068907482486367371e+03
2.108514654538482143e-03 7.301577646383974752e+03
2.187805389801224850e-03 7.540523174685843514e+03
2.270077854730856090e-03 7.785798678780903174e+03
2.355444177330438468e-03 8.037446506847646560e+03
2.444020702178806726e-03 8.295494173423068787e+03
2.535928148994981944e-03 8.559958468980308680e+03
2.631291777165406260e-03 8.830845097428129520e+03
2.730241556458223688e-03 9.108147956188706303e+03
2.832912344157278994e-03 9.391847410378801214e+03
2.939444068857241781e-03 9.681902770756558311e+03
3.049981921170349854e-03 9.978254703972945208e+03
3.164676551604684186e-03 1.028082755023548816e+04
3.283684275883657321e-03 1.058952852368903041e+04
3.407167287986559521e-03 1.090424689142780699e+04
3.535293881200469047e-03 1.122484957017611487e+04
3.668238677484854989e-03 1.155117489421434220e+04
3.806182865461422982e-03 1.188303824152551897e+04
3.949314447353580171e-03 1.222023236772115706e+04
4.097828495212061869e-03 1.256252665473233719e+04
4.251927416775926234e-03 1.290966590931026076e+04
4.411821231331258635e-03 1.326136169567118850e+04
4.577727855943551465e-03 1.361729213278997122e+04
4.749873402453851437e-03 1.397710751928514583e+04
4.928492485643456468e-03 1.434043003676610169e+04
5.113828542987155189e-03 1.470685334842354678e+04
5.306134166430783762e-03 1.507593882019126249e+04
5.505671446645299914e-03 1.544720250970458255e+04
5.712712330226517136e-03 1.582012493545504731e+04
5.927538990327365677e-03 1.619415525906815674e+04
6.150444211227766751e-03 1.656871147834804287e+04
6.381731787366274472e-03 1.694318048286585326e+04
6.621716937377312637e-03 1.731690251084926422e+04
6.870726733698280693e-03 1.768916210246212722e+04
7.129100548332053568e-03 1.805920962685388076e+04
7.397190515372382459e-03 1.842626433076814646e+04
7.675362010922571684e-03 1.878951576535903951e+04
7.963994151061517743e-03 1.914811976495149793e+04
8.263480308535756103e-03 1.950115328290871184e+04
8.574228648881729309e-03 1.984763700131473524e+04
8.896662686708948012e-03 2.018656409950441230e+04
9.231221862902184994e-03 2.051690364090006915e+04
9.578362143529368933e-03 2.083760401292449751e+04
9.938556641271429487e-03 2.114755668360745767e+04
1.031229626022101345e-02 2.144552666356546979e+04
1.070009036492887596e-02 2.173024378054692352e+04
1.110246747460976770e-02 2.200042684273589111e+04
1.151997598345396237e-02 2.225479016640122791e+04
1.195318490802609740e-02 2.249204373816259249e+04
1.240268466276997147e-02 2.271075963122276153e+04
1.286908786467620865e-02 2.290937957992604424e+04
1.335303016820946730e-02 2.308635725751677091e+04
1.385517113163315349e-02 2.324017552085209536e+04
1.437619511591216141e-02 2.336935866948900730e+04
1.491681221741901833e-02 2.347243643885002894e+04
1.547775923571437229e-02 2.354774421607683689e+04
1.605980067772090972e-02 2.359360920617683951e+04
1.666372979965926801e-02 2.360845464754520799e+04
1.729036968816593384e-02 2.359081894967144399e+04
1.794057438206662219e-02 2.353937448759075050e+04
1.861523003633398787e-02 2.345291020031714652e+04
1.931525612981593865e-02 2.333032451335645965e+04
2.004160671838062929e-02 2.317070307681072882e+04
2.079527173518600641e-02 2.297334392975130322e+04
2.157727833984597610e-02 2.273777495665831520e+04
2.238869231833203952e-02 2.246383048955310369e+04
2.323061953551821754e-02 2.215226262277355636e+04
2.410420744234898979e-02 2.180445210967112871e+04
2.501064663968426485e-02 2.142197828767292958e+04
2.595117250095283629e-02 2.100660074257319502e+04
2.692706685582567719e-02 2.056024575728737909e+04
2.793965973720395624e-02 2.008553242062924619e+04
2.899033119390229812e-02 1.958687631355450139e+04
3.008051317149830831e-02 1.906890576309623793e+04
3.121169146391135352e-02 1.853604592325869089e+04
3.238540773837048775e-02 1.799248407972425412e+04
3.360326163653140630e-02 1.744217659956844727e+04
3.486691295460588036e-02 1.688971708524497080e+04
3.617808390547502112e-02 1.634027639091520723e+04
3.753856146586941056e-02 1.579851729049518144e+04
3.895019981181485624e-02 1.526854840220858750e+04
4.041492284566331611e-02 1.475394770358992719e+04
4.193472681815269693e-02 1.425773982263276412e+04
4.351168304906937595e-02 1.378215615245447771e+04
4.514794075022122988e-02 1.332893694869289902e+04
4.684572995456865591e-02 1.289951996006241097e+04
4.860736455550562080e-02 1.249508150433927040e+04
5.043524546043288981e-02 1.211657158867463295e+04
5.233186386292151132e-02 1.176393505351275962e+04
5.429980463792601769e-02 1.143538172494449464e+04
5.634174986467466867e-02 1.112868870566661280e+04
5.846048248203816050e-02 1.084061831217220242e+04
6.065889008135839922e-02 1.056663239581828566e+04
6.293996884190680707e-02 1.030092765457390851e+04
6.530682761433552475e-02 1.003646034833188969e+04
6.776269215768690457e-02 9.765292752129433211e+03
7.031090953573580771e-02 9.479083227888282636e+03
7.295495267865668987e-02 9.169814767694757393e+03
7.569842511623169068e-02 8.830916498491813400e+03
7.854506588905167674e-02 8.458423390205160104e+03
8.149875464440284323e-02 8.052001637674273297e+03
8.456351692378430429e-02 7.615918240656382295e+03
8.774352964926279697e-02 7.159305786546407035e+03
9.104312681614191993e-02 6.695439866948262534e+03
9.446680539970438162e-02 6.240405224002663999e+03
9.801923148407727659e-02 5.811231942701616390e+03
1.017052466215735002e-01 5.423089548600486523e+03
1.055298744311763959e-01 5.086960259490961107e+03
1.094983274451605121e-01 4.807957861975773994e+03
1.136160142131795447e-01 4.583579421861296396e+03
1.178885466735038745e-01 4.403698351315248146e+03
1.223217478014535092e-01 4.251763769583444628e+03
1.269216595454503438e-01 4.106718826830566286e+03
1.316945510615062653e-01 3.947514421876323468e+03
1.366469272573687666e-01 3.758729257986579796e+03
1.417855376579698623e-01 3.535052739952769571e+03
1.471173856042600481e-01 3.284088868609758265e+03
1.526497377979646186e-01 3.024712309259265567e+03
1.583901342052709549e-01 2.780083577940210944e+03
1.643463983329439826e-01 2.570162796679720486e+03
1.705266478908750993e-01 2.404987085589435083e+03
1.769393058555964737e-01 2.280358930121941739e+03
1.835931119498398212e-01 2.180599197887998798e+03
1.904971345537823657e-01 2.083627641202742780e+03
1.976607830642174157e-01 1.970647223381502954e+03
2.050938207184905548e-01 1.836440039486213891e+03
2.128063779006808542e-01 1.690839093059282504e+03
2.208089659481608513e-01 1.552824869361743367e+03
2.291124914773527976e-01 1.438468290610731401e+03
2.377282712482050309e-01 1.350106395918794306e+03
2.466680475876475431e-01 1.277644362137351209e+03
2.559440043930465425e-01 1.204640287125826944e+03
2.655687837374696159e-01 1.122120543486001907e+03
2.755555030993918630e-01 1.034654709551795577e+03
2.859177732403258010e-01 9.538147831909383285e+02
2.966697167547396319e-01 8.876581084665195931e+02
3.078259873175457351e-01 8.319417824901186123e+02
3.194017896553911773e-01 7.779510666919278492e+02
3.314129002689691350e-01 7.209208918793631256e+02
3.438756889345932488e-01 6.654324242454098339e+02
3.568071410143390243e-01 6.168644190999175407e+02
3.702248806051585128e-01 5.746121730012118860e+02
3.841471945585180348e-01 5.341056946510495891e+02
3.985930574032948148e-01 4.939468928367046487e+02
4.135821572058994700e-01 4.568010915518759703e+02
4.291349224028693787e-01 4.236833581312663455e+02
4.452725496425013474e-01 3.927504042558294373e+02
4.620170326734703292e-01 3.631313481027715966e+02
4.793911923198060920e-01 3.357112465702385293e+02
4.974187075830757698e-01 3.107404852417820962e+02
5.161241479141690514e-01 2.872244659774757451e+02
5.355330066986618842e-01 2.653437155543524568e+02
5.556717360013987417e-01 2.451380034500131160e+02
5.765677826176455190e-01 2.264039852929141148e+02
5.982496254799465341e-01 2.089671744782804410e+02
6.207468144716674630e-01 1.928362111300216100e+02
6.440900107001220620e-01 1.779079733066978690e+02
6.683110282841705496e-01 1.640517986879215755e+02
6.934428777132418675e-01 1.512401437377247078e+02
7.195198108368724421e-01 1.393882042378315589e+02
7.465773675460776193e-01 1.284175808883355785e+02
7.746524242101768820e-01 1.182727169410117085e+02
8.037832439350867109e-01 1.089020103924458738e+02
8.340095287115779632e-01 1.002424671521691124e+02
8.653724735245696964e-01 9.224053050418773125e+01
8.979148224972024472e-01 8.485348804272778978e+01
9.316809271462127562e-01 7.803724233523148257e+01
9.667168068280006521e-01 7.174838599425912378e+01
1.003070211457773420e+00 6.594731174656658368e+01
1.040790686587243385e+00 6.059845896792935349e+01
1.079929640929574441e+00 5.566825854135122142e+01
1.120540416423604801e+00 5.112539520481342237e+01
1.162678360932838162e+00 4.694076065070492376e+01
1.206400903678276793e+00 4.308731031553274704e+01
1.251767633507918642e+00 3.953992836354206020e+01
1.298840380109564041e+00 3.627530049252468558e+01
1.347683298277647435e+00 3.327179419816678774e+01
1.398362955348915193e+00 3.050934614210364870e+01
1.450948421926128162e+00 2.796935627826793080e+01
1.505511366013429830e+00 2.563458840204581435e+01
1.562126150691675042e+00 2.348907679707971496e+01
1.620869935466845213e+00 2.151803866518957165e+01
1.681822781429668678e+00 1.970779203574351968e+01
1.745067760369774179e+00 1.804567886181277458e+01
1.810691067993079661e+00 1.651999302153085125e+01
1.878782141396730054e+00 1.511991295417884196e+01
1.949433780961675078e+00 1.383543867158423879e+01
2.022742276829024188e+00 1.265733282003928117e+01
2.098807540132547445e+00 1.157706255548800378e+01
2.177733239166175228e+00 1.058674841761292384e+01
2.259626940672080586e+00 9.679121554533496763e+00
2.344600256441900399e+00 8.847478984686159009e+00
2.432768995430904191e+00 8.085641579102253118e+00
2.524253321592413446e+00 7.387914975025408282e+00
2.619177917647588671e+00 6.749053233517934736e+00
2.717672155013784785e+00 6.164225064141380273e+00
2.819870270123063793e+00 5.628982449788335174e+00
2.925911547371168542e+00 5.139231514298081116e+00
3.035940508946296745e+00 4.691205484613871768e+00
3.150107111796390580e+00 4.281439607943240411e+00
3.268566952003382653e+00 3.906747892674579337e+00
3.391481476842944875e+00 3.564201549692854964e+00
3.519018204818738393e+00 3.251109018236499448e+00
3.651350953971069124e+00 2.964997467557323851e+00
3.788660078771083572e+00 2.703595672398078520e+00
3.931132715923379539e+00 2.464818166700336821e+00
4.078963039412031755e+00 2.246750531714613697e+00
4.232352525137623722e+00 2.047635323200238222e+00
4.391510225505962595e+00 1.865859988359557020e+00
4.556653054342709730e+00 1.699945721765865114e+00
4.728006082522225206e+00 1.548536716182027373e+00
4.905802844713543109e+00 1.410390237909755706e+00
5.090285657661567598e+00 1.284367473582086250e+00
5.281705950437157959e+00 1.169425091205028133e+00
5.480324607106362933e+00 1.064607462237783686e+00
5.686412322285690379e+00 9.690394952308494236e-01
5.900249970068053962e+00 8.819200350308074032e-01
6.122128986822183982e+00 8.025157848238464453e-01
6.352351768387215714e+00 7.301557113396700549e-01
6.591232082203793752e+00 6.642258963858433951e-01
6.839095494943369324e+00 6.041648005415861666e-01
7.096279816218512337e+00 5.494589073207583052e-01
7.363135558978945561e+00 4.996387184269890369e-01
7.640026417220799893e+00 4.542750728797412818e-01
7.927329761660116603e+00 4.129757647982185143e-01
8.225437154046172594e+00 3.753824094057660044e-01
8.534754880815569322e+00 3.411675107996214318e-01
8.855704506814385368e+00 3.100319676035604988e-01
9.188723449843068991e+00 2.817026997229746255e-01
9.534265576807102960e+00 2.559304303840585493e-01
9.892801822285921531e+00 2.324876527132634929e-01
1.026482083036312254e+01 2.111667659433021371e-01
1.065082962059273619e+01 1.917783674909814273e-01
1.105135427900913569e+01 1.741496882297993987e-01
1.146694067512241766e+01 1.581231592769954952e-01
1.189815520587640130e+01 1.435550995363433779e-01
1.234558556758316605e+01 1.303145140898067378e-01
1.280984155688623183e+01 1.182819943182210620e-01
1.329155590184394597e+01 1.073487113581303026e-01
1.379138512426579943e+01 9.741549517312743378e-02
1.431001043447690968e+01 8.839199213761024521e-02
1.484813865973012526e+01 8.019589460254293589e-02
1.540650320753112368e+01 7.275223644014626456e-02
1.598586506518931927e+01 6.599274899509800785e-02
1.658701383695694886e+01 5.985526529219465514e-02
1.721076882016975418e+01 5.428317873004558786e-02
1.785798012185598438e+01 4.922496799229264530e-02
1.852952981733549720e+01 4.463374855049679485e-02
1.922633315238797636e+01 4.046686125380117433e-02
1.994933979062875906e+01 3.668549683272969569e-02
2.069953510779219030e+01 3.325435324014709704e-02
2.147794153468660028e+01 3.014132301036907824e-02
2.228561995065106416e+01 2.731720805428853802e-02
2.312367112941317870e+01 2.475545952585161968e-02
2.399323723931832930e+01 2.243194059481612435e-02
2.489550339997509809e+01 2.032471014388242611e-02
2.583169929743838367e+01 1.841382557631738789e-02
2.680310086013147242e+01 1.668116307431201720e-02
2.781103199779124679e+01 1.511025378963913590e-02
2.885686640580640017e+01 1.368613457774575486e-02
2.994202943740787859e+01 1.239521200517450239e-02
3.106800004626305522e+01 1.122513846903999864e-02
3.223631280212112671e+01 1.016469929612571349e-02
3.344855998225724392e+01 9.203708748070296361e-03
3.470639374156476009e+01 8.332917157595163063e-03
3.601152836425452364e+01 7.543927179117390809e-03
3.736574260022901939e+01 6.829116112934153007e-03
3.877088208931596824e+01 6.181565175691664318e-03
4.022886187666529878e+01 5.594995154837995900e-03
4.174166902273766055e+01 5.063707878260021757e-03
4.331136531144159818e+01 4.582532980250024653e-03
4.494009006011029328e+01 4.146779490578603525e-03
4.663006303514753625e+01 3.752191815133413665e-03
4.838358747731659548e+01 3.394909714654001549e-03
5.020305324079519949e+01 3.071431922857523374e-03
5.209094005027461094e+01 2.778583076991646833e-03
5.404982088054220668e+01 2.513483662827269149e-03
5.608236546315303883e+01 2.273522702550778447e-03
5.819134392497007724e+01 2.056332938151858841e-03
6.037963056353173386e+01 1.859768284924895668e-03
6.265020776439217798e+01 1.681883349793744003e-03
6.500617006577327572e+01 1.520914799316194126e-03
6.745072837606790017e+01 1.375264318918995986e-03
6.998721434994253343e+01 1.243483447884867086e-03
7.261908492900320766e+01 1.124259728720125324e-03
7.534992705321340623e+01 1.016404036560156427e-03
7.818346254948485807e+01 9.188390785594667282e-04
8.112355320410384252e+01 8.305889565984237886e-04
8.417420602590628675e+01 7.507696959162804204e-04
8.733957870737458506e+01 6.785806511079168482e-04
9.062398529109916012e+01 6.132967089584124209e-04
9.403190204932725749e+01 5.542612149052815159e-04
9.756797358461251690e+01 5.008795565767688038e-04
1.012370191598793951e+02 4.526133439143090165e-04
1.050440392665298930e+02 4.089751309012402123e-04
1.089942224395439894e+02 3.695236289368339475e-04
1.130929523288622249e+02 3.338593664586897176e-04
1.173458150366874975e+02 3.016207535681701061e-04
1.217586067307064894e+02 2.724805141894772039e-04
1.263373415436063425e+02 2.461424517215437180e-04
1.310882597696527512e+02 2.223385100272835205e-04
1.360178363695005999e+02 2.008261065146316464e-04
1.411327897948282271e+02 1.813857472759878599e-04
1.464400911448221336e+02 1.638188469780459762e-04
1.519469736669915392e+02 1.479457491205475974e-04
1.576609426152611775e+02 1.336039325181586539e-04
1.635897854787779977e+02 1.206463866138497633e-04
1.697415825953723072e+02 1.089401398437328500e-04
1.761247181641381587e+02 9.836492673679175336e-05
1.827478916721423445e+02 8.881198076183825286e-05
1.896201297508347068e+02 8.018294114063199236e-05
1.967507984783191830e+02 7.238886294151037552e-05
2.041496161442520645e+02 6.534932076228600929e-05
2.118266664947636855e+02 5.899159721379305179e-05
2.197924124754582920e+02 5.324994823469770964e-05
2.280577104912150901e+02 4.806493801167368457e-05
2.366338252022338793e+02 4.338283695370915677e-05
2.455324448764838223e+02 3.915507678150015780e-05
2.547656973194822001e+02 3.533775731299535183e-05
2.643461664031123632e+02 3.189119881275691716e-05
2.742869092160087234e+02 2.877953831583584331e-05
2.846014738588818886e+02 2.597036624807514194e-05
2.953039179090373523e+02 2.343439562153669674e-05
3.064088275792531704e+02 2.114516261909195097e-05
3.179313375971272535e+02 1.907875574052541977e-05
3.298871518319879215e+02 1.721357080087346523e-05
3.422925646974799747e+02 1.553008932716639338e-05
3.551644833589956534e+02 1.401067813125602665e-05
3.685204507762157391e+02 1.263940804622861189e-05
3.823786696121665045e+02 1.140189000403249113e-05
3.967580270413774315e+02 1.028512680423518657e-05
4.116781204909493681e+02 9.277379079925103468e-06
4.271592843496165983e+02 8.368044108196579076e-06
4.432226176812037579e+02 7.547546240778545433e-06
4.598900129802478318e+02 6.807237846427211320e-06
4.771841860089753027e+02 6.139309761828479506e-06
4.951287067563005735e+02 5.536710342972811730e-06
5.137480315610366688e+02 4.993072275794521996e-06
5.330675364431015169e+02 4.502646267619272676e-06
5.531135516881431613e+02 4.060241436190569351e-06
5.739133977327226148e+02 3.661171428045919243e-06
5.954954223989570892e+02 3.301205575004045265e-06
6.178890395293753954e+02 2.976524757212272517e-06
6.411247690746356511e+02 2.683681523363378643e-06
6.652342786887439843e+02 2.419564059303548923e-06
6.902504268884615612e+02 2.181363635315486630e-06
7.162073078357213944e+02 1.966545197710351566e-06
7.431402978040903236e+02 1.772820802348436810e-06
7.710861033926017853e+02 1.598125616651119689e-06
8.000828115526716147e+02 1.440596242852396303e-06
8.301699414962760102e+02 1.298551138929133882e-06
8.613884985561395524e+02 1.170472935081514034e-06
8.937810300713334755e+02 1.054992463022587126e-06
9.273916833744567612e+02 9.508743328730708807e-07
9.622662659594228671e+02 8.570039083199665894e-07
9.984523079118592932e+02 7.723755450441691925e-07
1.035999126687203443e+03 6.960819645743439256e-07
1.074957894324778863e+03 6.273046492424417293e-07
1.115381707189460030e+03 5.653052106849265769e-07
1.157325658335971411e+03 5.094175786911611704e-07
1.200846912594449805e+03 4.590409413244967722e-07
1.246004784479599039e+03 4.136333718561745285e-07
1.292860819029621098e+03 3.727060759436529994e-07
1.341478875685095545e+03 3.358181989111827494e-07
1.391925215322127997e+03 3.025721387993554367e-07
1.444268590558376900e+03 2.726093161004771766e-07
1.498580339455054173e+03 2.456063558416055305e-07
1.554934482742566843e+03 2.212716419652052855e-07
1.613407824702353992e+03 1.993422078324586294e-07
1.674080057842375709e+03 1.795809301759837301e-07
1.737033871508931043e+03 1.617739969928077562e-07
1.802355064582819523e+03 1.457286227272963693e-07
1.870132662413450134e+03 1.312709866768666091e-07
1.940459038150255310e+03 1.182443728868977813e-07
2.013430038636778136e+03 1.065074918983018098e-07
2.089145115039008033e+03 9.593296538041105454e-08
2.167707458385997143e+03 8.640595969482793907e-08
2.249224140207484652e+03 7.782295645042662498e-08
2.333806258460202116e+03 7.009064090715818455e-08
2.421569088941740119e+03 6.312489896705556211e-08
2.512632242398336984e+03 5.684991247363214534e-08
2.607119827540705955e+03 5.119734321383753588e-08
2.705160620190081772e+03 4.610559695225916173e-08
2.806888238785000794e+03 4.151915967197765106e-08
2.912441326488023151e+03 3.738799895923178811e-08
3.021963740140575737e+03 3.366702415765286979e-08
3.135604746323452673e+03 3.031559953956779549e-08
3.253519224790168664e+03 2.729710530314576952e-08
3.375867879550430189e+03 2.457854171086727629e-08
3.502817457891406320e+03 2.213017214220460169e-08
3.634540977635296258e+03 1.992520124629715928e-08
3.771217962942922895e+03 1.793948475310390016e-08
3.913034688984723289e+03 1.615126783791317437e-08
4.060184435812605898e+03 1.454094922566969047e-08
4.212867751778645470e+03 1.309086833398784446e-08
4.371292726859666800e+03 1.178511367997653403e-08
4.535675276260182727e+03 1.060935027236041337e-08
4.706239434680239356e+03 9.550663788372576232e-09
4.883217661649208821e+03 8.597420106914413394e-09
5.066851158341660266e+03 7.739138695916171487e-09
5.257390196307097540e+03 6.966378491028117034e-09
5.455094458561594365e+03 6.270635036469355745e-09
5.660233393506174252e+03 5.644247779486265274e-09
5.873086582154307507e+03 5.080316518688706450e-09
6.093944119169003898e+03 4.572626104701714201e-09
6.323107008228810628e+03 4.115578580125042671e-09
6.560887572261552123e+03 3.704132025674817183e-09
6.807609879104934407e+03 3.333745451438111179e-09
7.063610183174098893e+03 3.000329137162860262e-09
7.329237383738120116e+03 2.700199884128419275e-09
7.604853500429980159e+03 2.430040694013221413e-09
7.890834166638117495e+03 2.186864437861707886e-09
8.187569141451966061e+03 1.967981116636451695e-09
8.495462840859223434e+03 1.770968345173555424e-09
8.814934888918798606e+03 1.593644808321080002e-09
9.146420689660631979e+03 1.434046332614095891e-09
9.490372020491789954e+03 1.290404314461172378e-09
9.847257647917729628e+03 1.161126286750635118e-09
1.021756396641754873e+04 1.044778412414677039e-09
1.060179566134436573e+04 9.400697143070674027e-10
1.100047639675398023e+04 8.458378695673275370e-10
1.141414952909936073e+04 7.610364136086644719e-10
1.184337884776362807e+04 6.847232141606037293e-10
1.228874934344080248e+04 6.160500895839931324e-10
1.275086800541151933e+04 5.542534581048389822e-10
1.323036464880030144e+04 4.986459158163504715e-10
1.372789277294188651e+04 4.486086513975430984e-10
1.424413045202641115e+04 4.035846145993900693e-10
1.477978125923736297e+04 3.630723637541597643e-10
